Title="THE AIRCOEF"
Variables=
iter
<i>C<sub>L</sub></i>
<i>C<sub>D</sub></i>
<i>C<sub>Z</sub></i>
<i>C<sub>D_p</sub></i>
<i>C<sub>D_f</sub></i>
<i>C<sub>D</sub></i>-<i>C<sub>L</sub></i><sup>2</sup>/(<greek>p</greek><math>4</math>A<sub>r</sub>)</i>
<i>X<sub>cp</sub></i>
<i>C<sub>A</sub></i>
<i>C<sub>N</sub></i>
<i>C<sub>Z1</sub></i>
<i>C<sub>ml</sub></i>
<i>C<sub>mn</sub></i>
<i>C<sub>m</sub></i>
"Walltime"
100	2.5623682340e-01	2.0656593870e-01	0.0000000000e+00	1.1333717171e-01	9.3228766994e-02	2.0436600494e-01	6.0509843971e-01	1.9384864408e-01	2.6598778146e-01	0.0000000000e+00	0.0000000000e+00	0.0000000000e+00	1.6094879154e-01	1.5421000000e+01
200	7.1284509125e-01	2.5221435703e-02	0.0000000000e+00	1.6146348040e-02	9.0750876637e-03	8.1952702769e-03	4.8939568398e-01	-9.5065122483e-03	7.1322778350e-01	0.0000000000e+00	0.0000000000e+00	0.0000000000e+00	3.4905059894e-01	3.4128000000e+01
300	7.2603147650e-01	3.9957412267e-02	0.0000000000e+00	3.3489403443e-02	6.4680088238e-03	2.2295512279e-02	3.6686443740e-01	4.5701438328e-03	7.2711581845e-01	0.0000000000e+00	0.0000000000e+00	0.0000000000e+00	2.6675293566e-01	5.3452000000e+01
400	8.3827154778e-01	2.7748623258e-02	0.0000000000e+00	2.1045188942e-02	6.7034343155e-03	4.2037707844e-03	3.5723484587e-01	-1.3087508824e-02	8.3862857751e-01	0.0000000000e+00	0.0000000000e+00	0.0000000000e+00	2.9958735063e-01	6.8752000000e+01
500	8.6162926260e-01	1.7386652079e-02	0.0000000000e+00	1.1175241142e-02	6.2114109370e-03	-7.4885949367e-03	3.7846147073e-01	-2.4574144571e-02	8.6145423167e-01	0.0000000000e+00	0.0000000000e+00	0.0000000000e+00	3.2602723548e-01	8.2212000000e+01
600	8.6525753939e-01	2.0038558111e-02	0.0000000000e+00	1.4150123802e-02	5.8884343084e-03	-5.0466267831e-03	3.7893601651e-01	-2.2101989967e-02	8.6520729038e-01	0.0000000000e+00	0.0000000000e+00	0.0000000000e+00	3.2785820407e-01	9.3862000000e+01
700	8.5089800661e-01	2.1096862410e-02	0.0000000000e+00	1.5407360486e-02	5.6895019249e-03	-3.1626202116e-03	3.7141099853e-01	-2.0345983490e-02	8.5091629213e-01	0.0000000000e+00	0.0000000000e+00	0.0000000000e+00	3.1603966973e-01	1.0538300000e+02
800	8.4540164340e-01	1.9782008116e-02	0.0000000000e+00	1.4198948346e-02	5.5830597699e-03	-4.1650791863e-03	3.6862753396e-01	-2.1391741296e-02	8.4536244293e-01	0.0000000000e+00	0.0000000000e+00	0.0000000000e+00	3.1162387264e-01	1.1694200000e+02
900	8.4603143717e-01	1.8975919214e-02	0.0000000000e+00	1.3449295581e-02	5.5266236327e-03	-5.0068608127e-03	3.6906152975e-01	-2.2227530191e-02	8.4595225343e-01	0.0000000000e+00	0.0000000000e+00	0.0000000000e+00	3.1220843275e-01	1.2867200000e+02
1000	8.4652157152e-01	1.9393650863e-02	0.0000000000e+00	1.3907149293e-02	5.4865015696e-03	-4.6169252691e-03	3.6888441724e-01	-2.1834151209e-02	8.4646214008e-01	0.0000000000e+00	0.0000000000e+00	0.0000000000e+00	3.1224669326e-01	1.4196200000e+02
1100	8.4657052102e-01	1.9377576936e-02	0.0000000000e+00	1.3925960720e-02	5.4516162162e-03	-4.6357760643e-03	3.6908306169e-01	-2.1852588720e-02	8.4651024915e-01	0.0000000000e+00	0.0000000000e+00	0.0000000000e+00	3.1243259451e-01	1.6116000000e+01
1100	8.4660317959e-01	1.9370143153e-02	0.0000000000e+00	1.3918816405e-02	5.4513267475e-03	-4.6450626337e-03	3.6908965522e-01	-2.1861603363e-02	8.4654250716e-01	0.0000000000e+00	0.0000000000e+00	0.0000000000e+00	3.1245008210e-01	1.5967900000e+02
1200	8.4715161732e-01	1.9397168124e-02	0.0000000000e+00	1.3967600646e-02	5.4295674779e-03	-4.6491623062e-03	3.6898110375e-01	-2.1861305876e-02	8.4709161026e-01	0.0000000000e+00	0.0000000000e+00	0.0000000000e+00	3.1256079733e-01	2.7721000000e+01
1200	8.4715581959e-01	1.9398047728e-02	0.0000000000e+00	1.3968458349e-02	5.4295893789e-03	-4.6485212644e-03	3.6898516032e-01	-2.1860631862e-02	8.4709585036e-01	0.0000000000e+00	0.0000000000e+00	0.0000000000e+00	3.1256579815e-01	1.7116300000e+02
1300	8.4758307057e-01	1.9462780481e-02	0.0000000000e+00	1.4046529453e-02	5.4162510279e-03	-4.6080497177e-03	3.6871056225e-01	-2.1816772471e-02	8.4752574579e-01	0.0000000000e+00	0.0000000000e+00	0.0000000000e+00	3.1249169425e-01	3.9314000000e+01
1300	8.4758443352e-01	1.9458718790e-02	0.0000000000e+00	1.4042422160e-02	5.4162966306e-03	-4.6121888224e-03	3.6871588803e-01	-2.1820895690e-02	8.4752690943e-01	0.0000000000e+00	0.0000000000e+00	0.0000000000e+00	3.1249663704e-01	1.8260300000e+02
1400	8.4750521352e-01	1.9465696518e-02	0.0000000000e+00	1.4059205429e-02	5.4064910897e-03	-4.6007117001e-03	3.6854893608e-01	-2.1810070164e-02	8.4744812297e-01	0.0000000000e+00	0.0000000000e+00	0.0000000000e+00	3.1232610410e-01	5.0877000000e+01
1400	8.4750827710e-01	1.9464791175e-02	0.0000000000e+00	1.4058350680e-02	5.4064404956e-03	-4.6017910347e-03	3.6854438962e-01	-2.1811123555e-02	8.4745113885e-01	0.0000000000e+00	0.0000000000e+00	0.0000000000e+00	3.1232336270e-01	1.9422200000e+02
1500	8.4744989534e-01	1.9429948607e-02	0.0000000000e+00	1.4030640437e-02	5.3993081702e-03	-4.6333179989e-03	3.6855036976e-01	-2.1843083064e-02	8.4739113032e-01	0.0000000000e+00	0.0000000000e+00	0.0000000000e+00	3.1230631441e-01	6.2528000000e+01
1500	8.4740094532e-01	1.9424926594e-02	0.0000000000e+00	1.4025633706e-02	5.3992928879e-03	-4.6355602289e-03	3.6853819244e-01	-2.1845716460e-02	8.4734199387e-01	0.0000000000e+00	0.0000000000e+00	0.0000000000e+00	3.1227788680e-01	2.0574000000e+02
1600	8.4744977280e-01	1.9436958662e-02	0.0000000000e+00	1.4042285556e-02	5.3946731060e-03	-4.6263009849e-03	3.6852702542e-01	-2.1836075354e-02	8.4739134913e-01	0.0000000000e+00	0.0000000000e+00	0.0000000000e+00	3.1228661327e-01	7.4118000000e+01
1600	8.4739836591e-01	1.9434484505e-02	0.0000000000e+00	1.4039801147e-02	5.3946833581e-03	-4.6258558427e-03	3.6851944432e-01	-2.1836044325e-02	8.4733988276e-01	0.0000000000e+00	0.0000000000e+00	0.0000000000e+00	3.1226122275e-01	2.1718300000e+02
1700	8.4749601577e-01	1.9448016450e-02	0.0000000000e+00	1.4056528034e-02	5.3914884159e-03	-4.6178693988e-03	3.6850654970e-01	-2.1827281571e-02	8.4743807554e-01	0.0000000000e+00	0.0000000000e+00	0.0000000000e+00	3.1228648130e-01	8.5590000000e+01
1700	8.4745431379e-01	1.9445669163e-02	0.0000000000e+00	1.4054125891e-02	5.3915432718e-03	-4.6178483670e-03	3.6850136161e-01	-2.1827596213e-02	8.4739630874e-01	0.0000000000e+00	0.0000000000e+00	0.0000000000e+00	3.1226669360e-01	2.2851500000e+02
1800	8.4753791913e-01	1.9445342893e-02	0.0000000000e+00	1.4055952581e-02	5.3893903116e-03	-4.6229228286e-03	3.6850492717e-01	-2.1831991623e-02	8.4747979909e-01	0.0000000000e+00	0.0000000000e+00	0.0000000000e+00	3.1230048164e-01	2.3977300000e+02
1800	8.4755995394e-01	1.9446118735e-02	0.0000000000e+00	1.4056853730e-02	5.3892650046e-03	-4.6233984863e-03	3.6850568764e-01	-2.1832289256e-02	8.4750184555e-01	0.0000000000e+00	0.0000000000e+00	0.0000000000e+00	3.1230925037e-01	9.6935000000e+01
1900	8.4760889270e-01	1.9440697322e-02	0.0000000000e+00	1.4052843702e-02	5.3878536205e-03	-4.6315995631e-03	3.6850514360e-01	-2.1840086357e-02	8.4755046240e-01	0.0000000000e+00	0.0000000000e+00	0.0000000000e+00	3.1232670486e-01	2.5103700000e+02
1900	8.4761832123e-01	1.9440939701e-02	0.0000000000e+00	1.4053196937e-02	5.3877427641e-03	-4.6318927325e-03	3.6850670977e-01	-2.1840303204e-02	8.4755989156e-01	0.0000000000e+00	0.0000000000e+00	0.0000000000e+00	3.1233150698e-01	1.0829500000e+02
2000	8.4764283041e-01	1.9444781903e-02	0.0000000000e+00	1.4057938677e-02	5.3868432261e-03	-4.6294426998e-03	3.6849625159e-01	-2.1837658552e-02	8.4758455871e-01	0.0000000000e+00	0.0000000000e+00	0.0000000000e+00	3.1233173279e-01	2.6230000000e+02
2000	8.4765045361e-01	1.9445465052e-02	0.0000000000e+00	1.4058719180e-02	5.3867458716e-03	-4.6291925716e-03	3.6849793601e-01	-2.1837347275e-02	8.4759220612e-01	0.0000000000e+00	0.0000000000e+00	0.0000000000e+00	3.1233597854e-01	1.1966000000e+02
2100	8.4763618828e-01	1.9437394709e-02	0.0000000000e+00	1.4051358628e-02	5.3860360807e-03	-4.6364526044e-03	3.6849231720e-01	-2.1844713681e-02	8.4757756488e-01	0.0000000000e+00	0.0000000000e+00	0.0000000000e+00	3.1232582089e-01	2.7854100000e+02
2100	8.4764991817e-01	1.9438787996e-02	0.0000000000e+00	1.4052850468e-02	5.3859375285e-03	-4.6358392122e-03	3.6849590613e-01	-2.1843990353e-02	8.4759134630e-01	0.0000000000e+00	0.0000000000e+00	0.0000000000e+00	3.1233394119e-01	1.3628400000e+02
2200	8.4763300968e-01	1.9439646144e-02	0.0000000000e+00	1.4054058429e-02	5.3855877143e-03	-4.6340206176e-03	3.6849084844e-01	-2.1842310195e-02	8.4757449963e-01	0.0000000000e+00	0.0000000000e+00	0.0000000000e+00	3.1232344649e-01	3.0066500000e+02
2200	8.4765084799e-01	1.9440956500e-02	0.0000000000e+00	1.4055480199e-02	5.3854763001e-03	-4.6337235260e-03	3.6849394748e-01	-2.1841869680e-02	8.4759238058e-01	0.0000000000e+00	0.0000000000e+00	0.0000000000e+00	3.1233266217e-01	1.5854900000e+02
2300	8.4764494445e-01	1.9436443120e-02	0.0000000000e+00	1.4051208488e-02	5.3852346322e-03	-4.6379015664e-03	3.6849370428e-01	-2.1846090352e-02	8.4758626435e-01	0.0000000000e+00	0.0000000000e+00	0.0000000000e+00	3.1233020225e-01	3.2253500000e+02
2300	8.4765159014e-01	1.9436615685e-02	0.0000000000e+00	1.4051510478e-02	5.3851052072e-03	-4.6381064967e-03	3.6849316982e-01	-2.1846241473e-02	8.4759291056e-01	0.0000000000e+00	0.0000000000e+00	0.0000000000e+00	3.1233219833e-01	1.8025400000e+02
2400	8.4765957161e-01	1.9440377815e-02	0.0000000000e+00	1.4055295363e-02	5.3850824516e-03	-4.6347977435e-03	3.6849187433e-01	-2.1842872305e-02	8.4760106570e-01	0.0000000000e+00	0.0000000000e+00	0.0000000000e+00	3.1233410538e-01	3.4429500000e+02
2400	8.4767078706e-01	1.9441403199e-02	0.0000000000e+00	1.4056458053e-02	5.3849451460e-03	-4.6344094446e-03	3.6849826111e-01	-2.1842394053e-02	8.4761231776e-01	0.0000000000e+00	0.0000000000e+00	0.0000000000e+00	3.1234366519e-01	2.0226100000e+02
2500	8.4767052209e-01	1.9436831760e-02	0.0000000000e+00	1.4051930393e-02	5.3849013668e-03	-4.6389658317e-03	3.6849549333e-01	-2.1846947175e-02	8.4761183058e-01	0.0000000000e+00	0.0000000000e+00	0.0000000000e+00	3.1234113966e-01	3.6674700000e+02
2500	8.4768857183e-01	1.9437992628e-02	0.0000000000e+00	1.4053223783e-02	5.3847688452e-03	-4.6388302827e-03	3.6849894837e-01	-2.1846666262e-02	8.4762991543e-01	0.0000000000e+00	0.0000000000e+00	0.0000000000e+00	3.1235073244e-01	2.2484400000e+02
2600	8.4768798667e-01	1.9440506628e-02	0.0000000000e+00	1.4055601118e-02	5.3849055095e-03	-4.6362830435e-03	3.6849646188e-01	-2.1844126760e-02	8.4762945334e-01	0.0000000000e+00	0.0000000000e+00	0.0000000000e+00	3.1234845454e-01	3.8824900000e+02
2600	8.4770225007e-01	1.9441294132e-02	0.0000000000e+00	1.4056519571e-02	5.3847745603e-03	-4.6363057899e-03	3.6849694868e-01	-2.1844034467e-02	8.4764373817e-01	0.0000000000e+00	0.0000000000e+00	0.0000000000e+00	3.1235413108e-01	2.4645900000e+02
2700	8.4769938237e-01	1.9439718610e-02	0.0000000000e+00	1.4054949973e-02	5.3847686377e-03	-4.6377184066e-03	3.6849693912e-01	-2.1845468534e-02	8.4764079718e-01	0.0000000000e+00	0.0000000000e+00	0.0000000000e+00	3.1235303923e-01	4.1045200000e+02
2700	8.4769656708e-01	1.9438303535e-02	0.0000000000e+00	1.4053606044e-02	5.3846974912e-03	-4.6389735548e-03	3.6849538569e-01	-2.1846744896e-02	8.4763791634e-01	0.0000000000e+00	0.0000000000e+00	0.0000000000e+00	3.1235066091e-01	2.6857000000e+02
2800	8.4771358184e-01	1.9441293517e-02	0.0000000000e+00	1.4056467156e-02	5.3848263617e-03	-4.6369501291e-03	3.6849820534e-01	-2.1844586659e-02	8.4765505647e-01	0.0000000000e+00	0.0000000000e+00	0.0000000000e+00	3.1235936706e-01	4.3227100000e+02
2800	8.4770608812e-01	1.9441079072e-02	0.0000000000e+00	1.4056298257e-02	5.3847808144e-03	-4.6367388771e-03	3.6849742449e-01	-2.1844436091e-02	8.4764756119e-01	0.0000000000e+00	0.0000000000e+00	0.0000000000e+00	3.1235594317e-01	2.9057900000e+02
2900	8.4772819240e-01	1.9440901127e-02	0.0000000000e+00	1.4056168728e-02	5.3847323982e-03	-4.6381725162e-03	3.6850135737e-01	-2.1845689760e-02	8.4766963061e-01	0.0000000000e+00	0.0000000000e+00	0.0000000000e+00	3.1236740948e-01	4.5421000000e+02
2900	8.4771759009e-01	1.9440346982e-02	0.0000000000e+00	1.4055638627e-02	5.3847083557e-03	-4.6381243637e-03	3.6849873248e-01	-2.1845727176e-02	8.4765901390e-01	0.0000000000e+00	0.0000000000e+00	0.0000000000e+00	3.1236127220e-01	3.1259000000e+02
3000	8.4776190297e-01	1.9445617463e-02	0.0000000000e+00	1.4060839597e-02	5.3847778657e-03	-4.6353712642e-03	3.6850610018e-01	-2.1842619892e-02	8.4770353079e-01	0.0000000000e+00	0.0000000000e+00	0.0000000000e+00	3.1238392224e-01	4.7587300000e+02
3000	8.4774897067e-01	1.9443770108e-02	0.0000000000e+00	1.4058949898e-02	5.3848202104e-03	-4.6364839311e-03	3.6850673760e-01	-2.1843835571e-02	8.4769052390e-01	0.0000000000e+00	0.0000000000e+00	0.0000000000e+00	3.1237966946e-01	3.3447200000e+02
3100	8.4777902214e-01	1.9442448396e-02	0.0000000000e+00	1.4057795653e-02	5.3846527436e-03	-4.6395128932e-03	3.6850724633e-01	-2.1846618485e-02	8.4772047541e-01	0.0000000000e+00	0.0000000000e+00	0.0000000000e+00	3.1239113805e-01	4.9815000000e+02
3100	8.4777597335e-01	1.9443339068e-02	0.0000000000e+00	1.4058654053e-02	5.3846850158e-03	-4.6384490140e-03	3.6850962933e-01	-2.1845580468e-02	8.4771747360e-01	0.0000000000e+00	0.0000000000e+00	0.0000000000e+00	3.1239205197e-01	3.5677000000e+02
3200	8.4779335882e-01	1.9447866995e-02	0.0000000000e+00	1.4063162771e-02	5.3847042246e-03	-4.6349087947e-03	3.6850805931e-01	-2.1841904153e-02	8.4773505885e-01	0.0000000000e+00	0.0000000000e+00	0.0000000000e+00	3.1239720135e-01	5.1999900000e+02
3200	8.4779406639e-01	1.9446877253e-02	0.0000000000e+00	1.4062158568e-02	5.3847186853e-03	-4.6359387362e-03	3.6850841346e-01	-2.1842927163e-02	8.4773571741e-01	0.0000000000e+00	0.0000000000e+00	0.0000000000e+00	3.1239774426e-01	3.7874700000e+02
3300	8.4779120505e-01	1.9442130351e-02	0.0000000000e+00	1.4057549688e-02	5.3845806629e-03	-4.6405230780e-03	3.6850797092e-01	-2.1847529162e-02	8.4773262841e-01	0.0000000000e+00	0.0000000000e+00	0.0000000000e+00	3.1239623078e-01	5.4373200000e+02
3300	8.4779728839e-01	1.9442994111e-02	0.0000000000e+00	1.4058384441e-02	5.3846096694e-03	-4.6400049302e-03	3.6850860966e-01	-2.1846962535e-02	8.4773874658e-01	0.0000000000e+00	0.0000000000e+00	0.0000000000e+00	3.1239902685e-01	4.0255300000e+02
3400	8.4779344301e-01	1.9447920279e-02	0.0000000000e+00	1.4063265076e-02	5.3846552031e-03	-4.6348602939e-03	3.6850649738e-01	-2.1841855030e-02	8.4773514554e-01	0.0000000000e+00	0.0000000000e+00	0.0000000000e+00	3.1239590919e-01	5.6744600000e+02
