Title="THE RESIDUAL"
Variables=
"iter"
"averageRes"
"maxRes"
"maxResCoorX"
"maxResCoorY"
"maxResCoorZ"
"maxResVariable"
"WallTime"
1          9.06559e-05    1.04185e-02    5.77767e-04    -2.97230e-03    0.00000e+00    4    1.55000e-01
10         4.14327e-05    5.44009e-03    1.41349e-04    -1.01211e-03    0.00000e+00    4    1.21600e+00
20         2.78224e-05    2.84288e-03    1.02776e-04    -1.01580e-03    0.00000e+00    4    2.10600e+00
30         2.27835e-05    2.14306e-03    1.78115e-04    -3.10310e-03    0.00000e+00    4    3.09600e+00
40         2.44342e-05    1.87770e-03    -3.04277e-03    -1.33026e-03    0.00000e+00    4    4.92400e+00
50         2.52570e-05    1.76216e-03    -1.92328e-02    2.89634e-03    0.00000e+00    4    6.60600e+00
60         2.74670e-05    1.40677e-03    3.05199e-01    -2.92390e-01    0.00000e+00    4    8.35400e+00
70         3.22823e-05    1.97247e-03    2.84926e-01    -5.68648e-01    0.00000e+00    4    1.00860e+01
80         3.88979e-05    2.29415e-03    3.01325e-02    -5.04285e-01    0.00000e+00    4    1.18990e+01
90         4.29273e-05    2.12666e-03    6.72245e+00    -5.21916e+00    0.00000e+00    4    1.36870e+01
100        4.41386e-05    2.25800e-03    1.03541e+00    -9.61908e+00    0.00000e+00    4    1.54190e+01
110        4.91759e-05    2.81725e-03    9.96776e+00    1.41430e+00    0.00000e+00    4    1.72820e+01
120        5.36023e-05    3.73750e-03    -1.70034e+00    -3.99064e-01    0.00000e+00    4    1.91630e+01
130        6.24630e-05    3.50144e-03    -3.53319e-01    2.81676e+00    0.00000e+00    4    2.10220e+01
140        7.19542e-05    3.66254e-03    -1.70034e+00    -3.99064e-01    0.00000e+00    4    2.29500e+01
150        7.76582e-05    4.71655e-03    -1.42339e+00    -8.31698e+00    0.00000e+00    4    2.48740e+01
160        8.34602e-05    4.51174e-03    -9.19395e+00    6.34412e+00    0.00000e+00    4    2.66970e+01
170        8.36236e-05    5.12361e-03    -1.06520e+01    -8.89434e-01    0.00000e+00    4    2.85520e+01
180        7.79154e-05    3.57004e-03    -1.64372e+01    -1.71316e+00    0.00000e+00    4    3.04350e+01
190        7.14424e-05    3.09436e-03    -2.07844e+01    1.36680e+01    0.00000e+00    4    3.22640e+01
200        6.57848e-05    2.61291e-03    -2.85651e+01    -3.27906e+00    0.00000e+00    4    3.41270e+01
210        6.22637e-05    3.01611e-03    7.10975e-01    1.03416e-01    0.00000e+00    4    3.60380e+01
220        5.99071e-05    3.36652e-03    6.98025e-01    1.74983e-01    0.00000e+00    4    3.79660e+01
230        5.61367e-05    3.24043e-03    6.80710e-01    1.23709e-01    0.00000e+00    4    3.99480e+01
240        5.24992e-05    3.76712e-03    6.64058e-01    1.27499e-01    0.00000e+00    4    4.18560e+01
250        4.94084e-05    3.52833e-03    6.46735e-01    1.19303e-01    0.00000e+00    4    4.37730e+01
260        4.65438e-05    3.57764e-03    6.30524e-01    1.15880e-01    0.00000e+00    4    4.56250e+01
270        4.36568e-05    3.57423e-03    6.08759e-01    1.40343e-01    0.00000e+00    4    4.76320e+01
280        4.11325e-05    2.86019e-03    5.92793e-01    1.17830e-01    0.00000e+00    4    4.95950e+01
290        3.80058e-05    2.25132e-03    5.77947e-01    1.01855e-01    0.00000e+00    4    5.15800e+01
300        3.51109e-05    2.55182e-03    5.56778e-01    1.26131e-01    0.00000e+00    4    5.34500e+01
310        3.26136e-05    2.17476e-03    5.46983e-01    1.39888e-01    0.00000e+00    4    5.53650e+01
320        2.73011e-05    2.04624e-03    5.36472e-01    1.53788e-01    0.00000e+00    4    5.72550e+01
330        2.29946e-05    1.11502e-03    -9.81168e+01    7.69968e-01    0.00000e+00    4    5.90930e+01
340        2.07851e-05    1.99950e-03    -9.95230e+01    2.02745e+00    0.00000e+00    4    6.09650e+01
350        1.34245e-05    1.03438e-03    -9.97009e+01    -2.25137e+01    0.00000e+00    4    6.25060e+01
360        1.01425e-05    8.91631e-04    5.27441e-01    1.56404e-01    0.00000e+00    4    6.37500e+01
370        9.74232e-06    1.33141e-03    5.29079e-01    1.76048e-01    0.00000e+00    4    6.51210e+01
380        9.97364e-06    1.48129e-03    5.36472e-01    1.53788e-01    0.00000e+00    4    6.63640e+01
390        1.09293e-05    1.17563e-03    6.77524e-01    9.98508e-02    0.00000e+00    4    6.75580e+01
400        1.14014e-05    1.20723e-03    5.44000e-01    1.90741e-01    0.00000e+00    4    6.87500e+01
410        1.16584e-05    1.16378e-03    6.30524e-01    1.15880e-01    0.00000e+00    4    6.99790e+01
420        1.11660e-05    1.49094e-03    6.04998e-01    1.19390e-01    0.00000e+00    4    7.12120e+01
430        1.07191e-05    1.21449e-03    5.78551e-01    1.11637e-01    0.00000e+00    4    7.26890e+01
440        1.13716e-05    1.48659e-03    5.69992e-01    1.08602e-01    0.00000e+00    4    7.40880e+01
450        1.07187e-05    1.19878e-03    5.60636e-01    1.45711e-01    0.00000e+00    4    7.54600e+01
460        9.96604e-06    8.75405e-04    5.56778e-01    1.26131e-01    0.00000e+00    4    7.68770e+01
470        9.19859e-06    6.50193e-04    7.58033e+00    2.08742e-01    0.00000e+00    4    7.85090e+01
480        9.52011e-06    1.21652e-03    5.56778e-01    1.26131e-01    0.00000e+00    4    7.98340e+01
490        1.03864e-05    1.17908e-03    5.57707e-01    2.29979e-01    0.00000e+00    4    8.10330e+01
500        1.05895e-05    1.41655e-03    5.63795e-01    1.54551e-01    0.00000e+00    4    8.22110e+01
510        1.10110e-05    1.91616e-03    5.73599e-01    1.71072e-01    0.00000e+00    4    8.34020e+01
520        9.79492e-06    1.01967e-03    5.86526e-01    1.46134e-01    0.00000e+00    4    8.45990e+01
530        9.26306e-06    1.06079e-03    5.89979e-01    1.68445e-01    0.00000e+00    4    8.57500e+01
540        8.33832e-06    9.91052e-04    6.04998e-01    1.19390e-01    0.00000e+00    4    8.68920e+01
550        9.43320e-06    1.58637e-03    5.92793e-01    1.17830e-01    0.00000e+00    4    8.80580e+01
560        9.16423e-06    1.71101e-03    5.84927e-01    1.29665e-01    0.00000e+00    4    8.92150e+01
570        8.00138e-06    1.24503e-03    5.80088e-01    1.18658e-01    0.00000e+00    4    9.04090e+01
580        6.83229e-06    9.30289e-04    5.73599e-01    1.71072e-01    0.00000e+00    4    9.15570e+01
590        5.88070e-06    3.69736e-04    5.72496e-01    2.30459e-01    0.00000e+00    4    9.27090e+01
600        5.57380e-06    1.92688e-04    9.96776e+00    1.41430e+00    0.00000e+00    4    9.38610e+01
610        5.73980e-06    4.90618e-04    5.73599e-01    1.71072e-01    0.00000e+00    4    9.50220e+01
620        6.02941e-06    9.34609e-04    5.73599e-01    1.71072e-01    0.00000e+00    4    9.61740e+01
630        6.48120e-06    1.17271e-03    5.78082e-01    1.46353e-01    0.00000e+00    4    9.73080e+01
640        5.91090e-06    8.12160e-04    5.80088e-01    1.18658e-01    0.00000e+00    4    9.84560e+01
650        5.47002e-06    6.23217e-04    5.84927e-01    1.29665e-01    0.00000e+00    4    9.96260e+01
660        4.71306e-06    3.31571e-04    5.90332e-01    1.01057e-01    0.00000e+00    4    1.00753e+02
670        5.36194e-06    8.18106e-04    5.84927e-01    1.29665e-01    0.00000e+00    4    1.01908e+02
680        5.61109e-06    9.37675e-04    5.80088e-01    1.18658e-01    0.00000e+00    4    1.03046e+02
690        5.52205e-06    9.25051e-04    5.78551e-01    1.11637e-01    0.00000e+00    4    1.04238e+02
700        4.07909e-06    5.87699e-04    5.73599e-01    1.71072e-01    0.00000e+00    4    1.05381e+02
710        3.36355e-06    2.00265e-04    5.69992e-01    1.08602e-01    0.00000e+00    4    1.06542e+02
720        2.92741e-06    1.15223e-04    9.99534e-01    4.14590e-04    0.00000e+00    4    1.07668e+02
730        2.69411e-06    1.74493e-04    5.69992e-01    1.08602e-01    0.00000e+00    4    1.08838e+02
740        2.56291e-06    1.99846e-04    5.69992e-01    1.08602e-01    0.00000e+00    4    1.09984e+02
750        2.34053e-06    2.15674e-04    5.73599e-01    1.71072e-01    0.00000e+00    4    1.11145e+02
760        1.99488e-06    1.30190e-04    5.73599e-01    1.71072e-01    0.00000e+00    4    1.12307e+02
770        1.75495e-06    7.32823e-05    9.99676e-01    5.34732e-04    0.00000e+00    4    1.13459e+02
780        1.71033e-06    7.86748e-05    -9.94508e+01    8.26693e+00    0.00000e+00    4    1.14610e+02
790        1.64429e-06    1.55585e-04    5.73599e-01    1.71072e-01    0.00000e+00    4    1.15793e+02
800        1.55437e-06    1.93207e-04    5.73599e-01    1.71072e-01    0.00000e+00    4    1.16941e+02
810        1.69161e-06    2.51215e-04    5.69992e-01    1.08602e-01    0.00000e+00    4    1.18115e+02
820        1.84731e-06    3.27487e-04    5.69992e-01    1.08602e-01    0.00000e+00    4    1.19267e+02
830        1.74425e-06    2.89443e-04    5.74722e-01    1.40293e-01    0.00000e+00    4    1.20447e+02
840        1.43873e-06    1.87426e-04    5.74722e-01    1.40293e-01    0.00000e+00    4    1.21634e+02
850        1.21344e-06    1.08724e-04    9.99534e-01    4.14590e-04    0.00000e+00    4    1.22762e+02
860        1.17524e-06    8.48686e-05    9.99453e-01    3.21137e-04    0.00000e+00    4    1.23933e+02
870        1.29323e-06    1.87485e-04    5.71734e-01    1.54904e-01    0.00000e+00    4    1.25201e+02
880        1.34092e-06    1.76125e-04    5.71734e-01    1.54904e-01    0.00000e+00    4    1.26361e+02
890        1.21441e-06    1.15130e-04    5.74722e-01    1.40293e-01    0.00000e+00    4    1.27509e+02
900        1.05277e-06    6.97588e-05    9.99854e-01    6.42886e-04    0.00000e+00    4    1.28671e+02
910        1.01966e-06    5.71302e-05    9.99570e-01    4.49248e-04    0.00000e+00    4    1.29818e+02
920        1.05171e-06    1.01266e-04    5.71734e-01    1.54904e-01    0.00000e+00    4    1.31013e+02
930        1.03592e-06    1.19165e-04    5.71734e-01    1.54904e-01    0.00000e+00    4    1.32347e+02
940        9.73364e-07    1.22492e-04    5.74722e-01    1.40293e-01    0.00000e+00    4    1.33621e+02
950        8.82635e-07    9.96360e-05    5.71734e-01    1.54904e-01    0.00000e+00    4    1.34792e+02
960        8.04489e-07    9.78156e-05    5.71734e-01    1.54904e-01    0.00000e+00    4    1.35935e+02
970        7.34266e-07    6.55514e-05    5.71734e-01    1.54904e-01    0.00000e+00    4    1.37299e+02
980        6.74024e-07    5.60755e-05    5.75733e-01    1.61398e-01    0.00000e+00    4    1.38560e+02
990        6.49418e-07    6.10334e-05    5.71734e-01    1.54904e-01    0.00000e+00    4    1.39924e+02
1000       7.02380e-07    1.61386e-04    5.71734e-01    1.54904e-01    0.00000e+00    4    1.41960e+02
1010       6.98765e-07    1.57882e-04    5.71734e-01    1.54904e-01    0.00000e+00    4    1.33200e+00
1010       6.98768e-07    1.57882e-04    5.71734e-01    1.54904e-01    0.00000e+00    4    1.44582e+02
1020       6.39081e-07    9.57885e-05    5.71734e-01    1.54904e-01    0.00000e+00    4    2.56700e+00
1020       6.39051e-07    9.57885e-05    5.71734e-01    1.54904e-01    0.00000e+00    4    1.46737e+02
1030       5.45765e-07    7.05974e-05    9.99453e-01    3.21137e-04    0.00000e+00    4    4.65900e+00
1030       5.45772e-07    7.05892e-05    9.99453e-01    3.21137e-04    0.00000e+00    4    1.49116e+02
1040       4.46764e-07    7.60133e-05    9.99754e-01    5.85917e-04    0.00000e+00    4    7.07300e+00
1040       4.46772e-07    7.60217e-05    9.99754e-01    5.85917e-04    0.00000e+00    4    1.51512e+02
1050       4.48805e-07    6.75599e-05    9.99453e-01    3.21137e-04    0.00000e+00    4    9.47600e+00
1050       4.48813e-07    6.76058e-05    9.99453e-01    3.21137e-04    0.00000e+00    4    1.53783e+02
1060       4.82335e-07    7.42745e-05    9.99754e-01    5.85917e-04    0.00000e+00    4    1.14340e+01
1060       4.82702e-07    7.42803e-05    9.99754e-01    5.85917e-04    0.00000e+00    4    1.55064e+02
1070       4.52784e-07    7.17755e-05    9.99570e-01    4.49248e-04    0.00000e+00    4    1.26540e+01
1070       4.54769e-07    6.43469e-05    5.74722e-01    1.40293e-01    0.00000e+00    4    1.56207e+02
1080       3.68291e-07    6.03471e-05    9.99676e-01    5.34732e-04    0.00000e+00    4    1.38220e+01
1080       3.70568e-07    6.80319e-05    9.99754e-01    5.85917e-04    0.00000e+00    4    1.57362e+02
1090       3.40227e-07    6.95650e-05    9.99676e-01    5.34732e-04    0.00000e+00    4    1.49530e+01
1090       3.45823e-07    7.54975e-05    9.99453e-01    3.21137e-04    0.00000e+00    4    1.58500e+02
1100       3.50201e-07    5.27775e-05    5.71734e-01    1.54904e-01    0.00000e+00    4    1.61150e+01
1100       3.68101e-07    6.67748e-05    9.99754e-01    5.85917e-04    0.00000e+00    4    1.59678e+02
1110       4.00344e-07    7.31224e-05    9.99534e-01    4.14590e-04    0.00000e+00    4    1.72860e+01
1110       3.96430e-07    7.17116e-05    5.71734e-01    1.54904e-01    0.00000e+00    4    1.60832e+02
1120       3.71946e-07    6.74273e-05    5.74722e-01    1.40293e-01    0.00000e+00    4    1.84500e+01
1120       3.69393e-07    6.61011e-05    5.74722e-01    1.40293e-01    0.00000e+00    4    1.61990e+02
1130       3.21879e-07    7.08260e-05    9.99484e-01    3.59764e-04    0.00000e+00    4    1.96030e+01
1130       3.08336e-07    4.96291e-05    9.99617e-01    4.89219e-04    0.00000e+00    4    1.63126e+02
1140       2.56878e-07    4.97590e-05    9.99434e-01    2.94758e-04    0.00000e+00    4    2.07510e+01
1140       2.35027e-07    2.87973e-05    9.99467e-01    3.38676e-04    0.00000e+00    4    1.64273e+02
1150       2.10990e-07    4.04368e-05    9.99534e-01    4.14590e-04    0.00000e+00    4    2.19010e+01
1150       2.50606e-07    8.48328e-05    9.99617e-01    4.89219e-04    0.00000e+00    4    1.65422e+02
1160       2.19910e-07    6.85923e-05    9.99617e-01    4.89219e-04    0.00000e+00    4    2.30630e+01
1160       2.16637e-07    5.74609e-05    9.99754e-01    5.85917e-04    0.00000e+00    4    1.66529e+02
1170       2.18430e-07    6.98579e-05    9.99617e-01    4.89219e-04    0.00000e+00    4    2.42200e+01
1170       2.12143e-07    4.95429e-05    9.99534e-01    4.14590e-04    0.00000e+00    4    1.67678e+02
1180       2.19781e-07    6.78335e-05    9.99570e-01    4.49248e-04    0.00000e+00    4    2.53980e+01
1180       2.12449e-07    5.72086e-05    9.99617e-01    4.89219e-04    0.00000e+00    4    1.68852e+02
1190       1.99862e-07    5.38358e-05    9.99570e-01    4.49248e-04    0.00000e+00    4    2.65600e+01
1190       1.98404e-07    5.05476e-05    9.99570e-01    4.49248e-04    0.00000e+00    4    1.70003e+02
1200       1.95078e-07    4.59663e-05    9.99570e-01    4.49248e-04    0.00000e+00    4    2.77200e+01
1200       1.97772e-07    4.68378e-05    9.99434e-01    2.94758e-04    0.00000e+00    4    1.71162e+02
1210       1.95613e-07    5.16596e-05    9.99617e-01    4.89219e-04    0.00000e+00    4    2.88830e+01
1210       2.06823e-07    6.66240e-05    9.99453e-01    3.21137e-04    0.00000e+00    4    1.72307e+02
1220       2.02350e-07    6.17958e-05    9.99534e-01    4.14590e-04    0.00000e+00    4    3.00250e+01
1220       2.03189e-07    5.99126e-05    9.99534e-01    4.14590e-04    0.00000e+00    4    1.73440e+02
1230       1.85327e-07    4.32568e-05    9.99754e-01    5.85917e-04    0.00000e+00    4    3.11780e+01
1230       1.86341e-07    4.54612e-05    9.99617e-01    4.89219e-04    0.00000e+00    4    1.74578e+02
1240       1.76346e-07    4.91953e-05    9.99570e-01    4.49248e-04    0.00000e+00    4    3.23400e+01
1240       1.85637e-07    5.10190e-05    9.99570e-01    4.49248e-04    0.00000e+00    4    1.75729e+02
1250       1.79444e-07    3.83263e-05    9.99534e-01    4.14590e-04    0.00000e+00    4    3.35200e+01
1250       1.89355e-07    4.28224e-05    9.99570e-01    4.49248e-04    0.00000e+00    4    1.76839e+02
1260       1.81808e-07    3.53075e-05    9.99676e-01    5.34732e-04    0.00000e+00    4    3.46870e+01
1260       2.00228e-07    6.69066e-05    9.99676e-01    5.34732e-04    0.00000e+00    4    1.77986e+02
1270       1.93176e-07    4.64415e-05    9.99617e-01    4.89219e-04    0.00000e+00    4    3.58240e+01
1270       2.01643e-07    6.98857e-05    9.99617e-01    4.89219e-04    0.00000e+00    4    1.79149e+02
1280       1.74695e-07    4.29630e-05    9.99506e-01    3.84906e-04    0.00000e+00    4    3.69990e+01
1280       2.10364e-07    7.97860e-05    9.99467e-01    3.38676e-04    0.00000e+00    4    1.80317e+02
1290       1.74284e-07    6.29787e-05    9.99617e-01    4.89219e-04    0.00000e+00    4    3.81670e+01
1290       1.80941e-07    6.43570e-05    9.99676e-01    5.34732e-04    0.00000e+00    4    1.81447e+02
1300       1.85209e-07    5.92244e-05    9.99676e-01    5.34732e-04    0.00000e+00    4    3.93130e+01
1300       1.89709e-07    6.63101e-05    9.99442e-01    3.06651e-04    0.00000e+00    4    1.82602e+02
1310       1.57909e-07    4.08093e-05    9.99617e-01    4.89219e-04    0.00000e+00    4    4.04580e+01
1310       1.54453e-07    4.16867e-05    9.99570e-01    4.49248e-04    0.00000e+00    4    1.83754e+02
1320       2.01443e-07    7.60135e-05    9.99434e-01    2.94758e-04    0.00000e+00    4    4.15870e+01
1320       1.70732e-07    5.58538e-05    9.99617e-01    4.89219e-04    0.00000e+00    4    1.84914e+02
1330       1.52177e-07    4.50890e-05    9.99617e-01    4.89219e-04    0.00000e+00    4    4.27250e+01
1330       1.65810e-07    6.98190e-05    9.99617e-01    4.89219e-04    0.00000e+00    4    1.86046e+02
1340       1.41182e-07    3.56790e-05    9.99534e-01    4.14590e-04    0.00000e+00    4    4.38520e+01
1340       1.70776e-07    5.48307e-05    9.99484e-01    3.59764e-04    0.00000e+00    4    1.87214e+02
1350       1.35005e-07    3.53804e-05    9.99506e-01    3.84906e-04    0.00000e+00    4    4.50150e+01
1350       1.51645e-07    4.48857e-05    9.99754e-01    5.85917e-04    0.00000e+00    4    1.88355e+02
1360       1.53514e-07    5.69646e-05    9.99453e-01    3.21137e-04    0.00000e+00    4    4.61640e+01
1360       1.27312e-07    3.54427e-05    9.99617e-01    4.89219e-04    0.00000e+00    4    1.89528e+02
1370       1.41416e-07    6.09402e-05    9.99506e-01    3.84906e-04    0.00000e+00    4    4.73700e+01
1370       1.46430e-07    5.03215e-05    9.99570e-01    4.49248e-04    0.00000e+00    4    1.90732e+02
1380       1.70201e-07    6.80779e-05    9.99442e-01    3.06651e-04    0.00000e+00    4    4.85560e+01
1380       1.25026e-07    4.16921e-05    9.99442e-01    3.06651e-04    0.00000e+00    4    1.91896e+02
1390       1.55821e-07    7.26843e-05    9.99453e-01    3.21137e-04    0.00000e+00    4    4.96970e+01
1390       1.26898e-07    4.12064e-05    9.99534e-01    4.14590e-04    0.00000e+00    4    1.93032e+02
1400       1.36679e-07    5.52088e-05    9.99484e-01    3.59764e-04    0.00000e+00    4    5.08760e+01
1400       1.34403e-07    4.74102e-05    9.99570e-01    4.49248e-04    0.00000e+00    4    1.94221e+02
1410       1.22906e-07    4.30330e-05    9.99570e-01    4.49248e-04    0.00000e+00    4    5.20260e+01
1410       1.24543e-07    6.13963e-05    9.99617e-01    4.89219e-04    0.00000e+00    4    1.95385e+02
1420       1.58444e-07    7.31185e-05    9.99453e-01    3.21137e-04    0.00000e+00    4    5.31820e+01
1420       1.06203e-07    4.43906e-05    9.99570e-01    4.49248e-04    0.00000e+00    4    1.96551e+02
1430       1.21127e-07    3.64167e-05    9.99754e-01    5.85917e-04    0.00000e+00    4    5.43290e+01
1430       1.37529e-07    5.84081e-05    9.99617e-01    4.89219e-04    0.00000e+00    4    1.97685e+02
1440       1.26738e-07    4.33020e-05    9.99534e-01    4.14590e-04    0.00000e+00    4    5.54950e+01
1440       1.00267e-07    3.31541e-05    9.99570e-01    4.49248e-04    0.00000e+00    4    1.98830e+02
1450       1.04257e-07    3.07603e-05    9.99453e-01    3.21137e-04    0.00000e+00    4    5.67110e+01
1450       1.17011e-07    4.70335e-05    9.99676e-01    5.34732e-04    0.00000e+00    4    1.99987e+02
1460       9.85651e-08    3.97085e-05    9.99467e-01    3.38676e-04    0.00000e+00    4    5.79180e+01
1460       8.90751e-08    3.34845e-05    9.99467e-01    3.38676e-04    0.00000e+00    4    2.01148e+02
1470       9.06468e-08    3.78803e-05    9.99442e-01    3.06651e-04    0.00000e+00    4    5.90900e+01
1470       8.22257e-08    3.28024e-05    9.99570e-01    4.49248e-04    0.00000e+00    4    2.02291e+02
1480       7.96318e-08    3.40759e-05    -4.32045e-03    -7.88873e-03    0.00000e+00    4    6.02320e+01
1480       1.11964e-07    5.02110e-05    9.99570e-01    4.49248e-04    0.00000e+00    4    2.03451e+02
1490       1.15108e-07    4.52955e-05    9.99506e-01    3.84906e-04    0.00000e+00    4    6.13880e+01
1490       1.16057e-07    5.69831e-05    9.99617e-01    4.89219e-04    0.00000e+00    4    2.04586e+02
1500       1.06894e-07    4.67830e-05    9.99506e-01    3.84906e-04    0.00000e+00    4    6.25270e+01
1500       7.23390e-08    2.71575e-05    -3.15438e-03    -7.31138e-03    0.00000e+00    1    2.05739e+02
1510       9.63822e-08    3.32464e-05    9.99617e-01    4.89219e-04    0.00000e+00    4    6.36790e+01
1510       8.82592e-08    3.66613e-05    9.99617e-01    4.89219e-04    0.00000e+00    4    2.06878e+02
1520       7.45227e-08    3.13143e-05    -3.15438e-03    -7.31138e-03    0.00000e+00    4    6.48420e+01
1520       9.64377e-08    3.78582e-05    9.99534e-01    4.14590e-04    0.00000e+00    4    2.08031e+02
1530       8.13143e-08    3.34225e-05    9.99453e-01    3.21137e-04    0.00000e+00    4    6.59930e+01
1530       9.56289e-08    3.58249e-05    9.99570e-01    4.49248e-04    0.00000e+00    4    2.09147e+02
1540       6.20061e-08    2.59463e-05    -2.22636e-03    -6.84446e-03    0.00000e+00    1    6.71440e+01
1540       9.28417e-08    3.57691e-05    9.99506e-01    3.84906e-04    0.00000e+00    4    2.10269e+02
1550       8.47198e-08    2.71698e-05    9.99754e-01    5.85917e-04    0.00000e+00    4    6.83110e+01
1550       1.00052e-07    4.33376e-05    9.99617e-01    4.89219e-04    0.00000e+00    4    2.11401e+02
1560       6.58970e-08    2.91256e-05    9.99484e-01    3.59764e-04    0.00000e+00    4    6.94570e+01
1560       7.63572e-08    2.96320e-05    9.99534e-01    4.14590e-04    0.00000e+00    4    2.12535e+02
1570       8.33025e-08    3.77114e-05    9.99453e-01    3.21137e-04    0.00000e+00    4    7.05940e+01
1570       9.21673e-08    4.26685e-05    9.99617e-01    4.89219e-04    0.00000e+00    4    2.13667e+02
1580       7.32885e-08    3.61250e-05    -4.32045e-03    -7.88873e-03    0.00000e+00    4    7.18040e+01
1580       9.38766e-08    4.14079e-05    9.99617e-01    4.89219e-04    0.00000e+00    4    2.14877e+02
1590       7.87281e-08    3.53613e-05    -4.32045e-03    -7.88873e-03    0.00000e+00    4    7.29630e+01
1590       9.93337e-08    3.78870e-05    9.99570e-01    4.49248e-04    0.00000e+00    4    2.16038e+02
1600       1.15943e-07    4.90563e-05    9.99467e-01    3.38676e-04    0.00000e+00    4    7.41170e+01
1600       8.72585e-08    3.47554e-05    -4.32045e-03    -7.88873e-03    0.00000e+00    4    2.17182e+02
1610       7.58744e-08    3.05899e-05    9.99467e-01    3.38676e-04    0.00000e+00    4    7.52590e+01
1610       9.07439e-08    4.21037e-05    9.99467e-01    3.38676e-04    0.00000e+00    4    2.18300e+02
1620       7.17449e-08    3.22900e-05    -3.15438e-03    -7.31138e-03    0.00000e+00    4    7.64070e+01
1620       8.58267e-08    3.42608e-05    9.99484e-01    3.59764e-04    0.00000e+00    4    2.19433e+02
1630       9.94526e-08    5.38603e-05    9.99570e-01    4.49248e-04    0.00000e+00    4    7.75550e+01
1630       1.00733e-07    4.55498e-05    9.99534e-01    4.14590e-04    0.00000e+00    4    2.20545e+02
1640       8.61910e-08    3.31545e-05    9.99467e-01    3.38676e-04    0.00000e+00    4    7.87110e+01
1640       7.35300e-08    2.85980e-05    9.99484e-01    3.59764e-04    0.00000e+00    4    2.21691e+02
1650       7.33875e-08    3.20448e-05    9.99484e-01    3.59764e-04    0.00000e+00    4    7.98460e+01
1650       7.57516e-08    3.21868e-05    9.99676e-01    5.34732e-04    0.00000e+00    4    2.22813e+02
1660       7.58083e-08    3.01795e-05    9.99570e-01    4.49248e-04    0.00000e+00    4    8.10070e+01
1660       8.66720e-08    3.42461e-05    9.99506e-01    3.84906e-04    0.00000e+00    4    2.23966e+02
1670       6.75473e-08    2.63052e-05    -4.32045e-03    -7.88873e-03    0.00000e+00    4    8.21460e+01
1670       9.20653e-08    3.41388e-05    9.99534e-01    4.14590e-04    0.00000e+00    4    2.25101e+02
1680       7.72280e-08    3.02082e-05    -1.57940e-03    -9.92989e-03    0.00000e+00    1    8.32900e+01
1680       7.49164e-08    3.09419e-05    9.99484e-01    3.59764e-04    0.00000e+00    4    2.26236e+02
1690       8.00749e-08    3.65339e-05    -4.32045e-03    -7.88873e-03    0.00000e+00    4    8.44240e+01
1690       8.81650e-08    3.68741e-05    -4.32045e-03    -7.88873e-03    0.00000e+00    4    2.27374e+02
1700       7.91418e-08    3.18344e-05    -4.32045e-03    -7.88873e-03    0.00000e+00    4    8.55890e+01
1700       9.15332e-08    3.75982e-05    9.99506e-01    3.84906e-04    0.00000e+00    4    2.28514e+02
1710       9.63151e-08    3.72533e-05    9.99506e-01    3.84906e-04    0.00000e+00    4    8.67310e+01
1710       9.21902e-08    3.93789e-05    9.99506e-01    3.84906e-04    0.00000e+00    4    2.29629e+02
1720       6.88141e-08    2.83475e-05    -3.15438e-03    -7.31138e-03    0.00000e+00    1    8.78860e+01
1720       8.01684e-08    2.84807e-05    -3.15438e-03    -7.31138e-03    0.00000e+00    1    2.30749e+02
1730       6.00793e-08    3.33439e-05    -3.15438e-03    -7.31138e-03    0.00000e+00    4    2.31873e+02
1730       9.22775e-08    3.72482e-05    9.99617e-01    4.89219e-04    0.00000e+00    4    8.90130e+01
1740       7.02838e-08    3.44923e-05    -3.15438e-03    -7.31138e-03    0.00000e+00    4    2.33000e+02
1740       6.45097e-08    3.39515e-05    -3.15438e-03    -7.31138e-03    0.00000e+00    4    9.01470e+01
1750       7.46160e-08    2.98864e-05    9.99534e-01    4.14590e-04    0.00000e+00    4    2.34106e+02
1750       9.24064e-08    3.17937e-05    9.99434e-01    2.94758e-04    0.00000e+00    4    9.12660e+01
1760       8.30249e-08    3.67666e-05    9.99534e-01    4.14590e-04    0.00000e+00    4    2.35233e+02
1760       8.15471e-08    3.66409e-05    9.99506e-01    3.84906e-04    0.00000e+00    4    9.23920e+01
1770       7.26806e-08    2.92970e-05    9.99484e-01    3.59764e-04    0.00000e+00    4    2.36358e+02
1770       9.68450e-08    4.86310e-05    9.99506e-01    3.84906e-04    0.00000e+00    4    9.35350e+01
1780       7.57573e-08    2.98434e-05    -4.32045e-03    -7.88873e-03    0.00000e+00    4    2.37508e+02
1780       8.33501e-08    3.48206e-05    9.99506e-01    3.84906e-04    0.00000e+00    4    9.46970e+01
1790       8.61439e-08    3.19607e-05    -4.32045e-03    -7.88873e-03    0.00000e+00    4    2.38625e+02
1790       6.75377e-08    3.25049e-05    -4.32045e-03    -7.88873e-03    0.00000e+00    4    9.58030e+01
1800       8.28441e-08    3.63415e-05    -4.32045e-03    -7.88873e-03    0.00000e+00    4    2.39772e+02
1800       7.94478e-08    3.60754e-05    -4.32045e-03    -7.88873e-03    0.00000e+00    4    9.69340e+01
1810       7.01255e-08    2.68893e-05    -4.32045e-03    -7.88873e-03    0.00000e+00    4    2.40892e+02
1810       8.62897e-08    3.36300e-05    9.99617e-01    4.89219e-04    0.00000e+00    4    9.80520e+01
1820       7.56122e-08    3.01973e-05    9.99676e-01    5.34732e-04    0.00000e+00    4    2.42029e+02
1820       9.00075e-08    3.82980e-05    9.99534e-01    4.14590e-04    0.00000e+00    4    9.92080e+01
1830       7.37188e-08    3.78954e-05    9.99453e-01    3.21137e-04    0.00000e+00    4    2.43176e+02
1830       7.38647e-08    2.89884e-05    -3.15438e-03    -7.31138e-03    0.00000e+00    4    1.00368e+02
1840       6.09921e-08    3.07242e-05    -3.15438e-03    -7.31138e-03    0.00000e+00    4    2.44310e+02
1840       6.99375e-08    2.92779e-05    -3.15438e-03    -7.31138e-03    0.00000e+00    4    1.01493e+02
1850       8.26819e-08    3.61284e-05    9.99534e-01    4.14590e-04    0.00000e+00    4    2.45435e+02
1850       7.58664e-08    3.25002e-05    9.99534e-01    4.14590e-04    0.00000e+00    4    1.02624e+02
1860       8.20098e-08    3.30241e-05    9.99506e-01    3.84906e-04    0.00000e+00    4    2.46542e+02
1860       7.25031e-08    2.70113e-05    9.99442e-01    3.06651e-04    0.00000e+00    4    1.03761e+02
1870       8.03800e-08    2.94036e-05    9.99534e-01    4.14590e-04    0.00000e+00    4    2.47650e+02
1870       7.35767e-08    3.00632e-05    9.99570e-01    4.49248e-04    0.00000e+00    4    1.04907e+02
1880       6.90425e-08    2.90518e-05    9.99442e-01    3.06651e-04    0.00000e+00    4    2.48773e+02
1880       7.19820e-08    3.02232e-05    9.99467e-01    3.38676e-04    0.00000e+00    4    1.06033e+02
1890       6.35925e-08    3.24893e-05    -4.32045e-03    -7.88873e-03    0.00000e+00    4    2.49893e+02
1890       6.61076e-08    3.49124e-05    -4.32045e-03    -7.88873e-03    0.00000e+00    4    1.07155e+02
1900       7.01186e-08    3.41874e-05    -4.32045e-03    -7.88873e-03    0.00000e+00    4    2.51036e+02
1900       7.89478e-08    3.47476e-05    -4.32045e-03    -7.88873e-03    0.00000e+00    4    1.08294e+02
1910       9.01907e-08    3.79242e-05    9.99534e-01    4.14590e-04    0.00000e+00    4    2.52150e+02
1910       7.50700e-08    3.50647e-05    -4.32045e-03    -7.88873e-03    0.00000e+00    4    1.09420e+02
1920       7.95703e-08    3.01836e-05    9.99467e-01    3.38676e-04    0.00000e+00    4    2.53279e+02
1920       7.10508e-08    2.73580e-05    -3.15438e-03    -7.31138e-03    0.00000e+00    1    1.10542e+02
1930       7.38547e-08    3.01269e-05    9.99434e-01    2.94758e-04    0.00000e+00    4    2.54406e+02
1930       8.43772e-08    3.30021e-05    9.99506e-01    3.84906e-04    0.00000e+00    4    1.11672e+02
1940       6.46657e-08    3.16537e-05    -3.15438e-03    -7.31138e-03    0.00000e+00    4    2.55540e+02
1940       7.78976e-08    3.76098e-05    9.99617e-01    4.89219e-04    0.00000e+00    4    1.12797e+02
1950       6.94551e-08    2.85835e-05    9.99506e-01    3.84906e-04    0.00000e+00    4    2.56661e+02
1950       7.64729e-08    2.83103e-05    9.99453e-01    3.21137e-04    0.00000e+00    4    1.13905e+02
1960       6.55307e-08    2.88497e-05    9.99467e-01    3.38676e-04    0.00000e+00    4    2.57774e+02
1960       7.55170e-08    2.87808e-05    9.99467e-01    3.38676e-04    0.00000e+00    4    1.15063e+02
1970       6.69086e-08    2.84904e-05    9.99570e-01    4.49248e-04    0.00000e+00    4    2.58877e+02
1970       7.45150e-08    2.80026e-05    9.99467e-01    3.38676e-04    0.00000e+00    4    1.16178e+02
1980       7.74979e-08    3.17071e-05    9.99506e-01    3.84906e-04    0.00000e+00    4    2.60005e+02
1980       7.64562e-08    3.16812e-05    9.99484e-01    3.59764e-04    0.00000e+00    4    1.17312e+02
1990       7.86318e-08    3.60641e-05    9.99617e-01    4.89219e-04    0.00000e+00    4    2.61107e+02
1990       6.82205e-08    3.02602e-05    -1.57940e-03    -9.92989e-03    0.00000e+00    1    1.18458e+02
2000       7.83749e-08    3.66257e-05    -4.32045e-03    -7.88873e-03    0.00000e+00    4    2.62299e+02
2000       8.06617e-08    3.63694e-05    -4.32045e-03    -7.88873e-03    0.00000e+00    4    1.19659e+02
2010       8.16444e-08    3.46330e-05    -4.32045e-03    -7.88873e-03    0.00000e+00    4    2.63691e+02
2010       6.99106e-08    3.21605e-05    -4.32045e-03    -7.88873e-03    0.00000e+00    4    1.21055e+02
2020       7.52840e-08    3.01309e-05    -4.32045e-03    -7.88873e-03    0.00000e+00    4    2.64852e+02
2020       6.88415e-08    2.79595e-05    9.99570e-01    4.49248e-04    0.00000e+00    4    1.22234e+02
2030       6.54631e-08    2.83026e-05    -3.15438e-03    -7.31138e-03    0.00000e+00    1    2.66033e+02
2030       7.17391e-08    3.15019e-05    9.99570e-01    4.49248e-04    0.00000e+00    4    1.23421e+02
2040       7.90491e-08    3.35820e-05    -3.15438e-03    -7.31138e-03    0.00000e+00    4    2.67414e+02
2040       8.13615e-08    3.41578e-05    -3.15438e-03    -7.31138e-03    0.00000e+00    4    1.24959e+02
2050       8.17961e-08    4.22860e-05    9.99506e-01    3.84906e-04    0.00000e+00    4    2.69059e+02
2050       7.50591e-08    3.40115e-05    -3.15438e-03    -7.31138e-03    0.00000e+00    4    1.26567e+02
2060       8.09057e-08    3.10423e-05    9.99453e-01    3.21137e-04    0.00000e+00    4    2.70514e+02
2060       7.02223e-08    2.75646e-05    -3.15438e-03    -7.31138e-03    0.00000e+00    4    1.27954e+02
2070       6.07735e-08    2.55146e-05    -2.22636e-03    -6.84446e-03    0.00000e+00    1    2.71652e+02
2070       7.16321e-08    2.96743e-05    9.99467e-01    3.38676e-04    0.00000e+00    4    1.29200e+02
2080       6.62517e-08    2.68568e-05    9.99467e-01    3.38676e-04    0.00000e+00    4    2.73799e+02
2080       7.28778e-08    2.90580e-05    9.99570e-01    4.49248e-04    0.00000e+00    4    1.31595e+02
2090       7.41683e-08    2.97086e-05    9.99570e-01    4.49248e-04    0.00000e+00    4    2.76137e+02
2090       6.70819e-08    3.05477e-05    -4.32045e-03    -7.88873e-03    0.00000e+00    4    1.33964e+02
2100       7.81849e-08    3.73400e-05    9.99570e-01    4.49248e-04    0.00000e+00    4    2.78540e+02
2100       6.40461e-08    3.25592e-05    -4.32045e-03    -7.88873e-03    0.00000e+00    4    1.36282e+02
2110       7.65138e-08    3.63824e-05    -4.32045e-03    -7.88873e-03    0.00000e+00    4    2.80629e+02
2110       9.13661e-08    4.12933e-05    9.99467e-01    3.38676e-04    0.00000e+00    4    1.38454e+02
2120       6.40287e-08    2.68894e-05    -4.32045e-03    -7.88873e-03    0.00000e+00    4    2.82845e+02
2120       6.78106e-08    2.68441e-05    -3.15438e-03    -7.31138e-03    0.00000e+00    1    1.40639e+02
2130       7.06891e-08    2.59643e-05    9.99617e-01    4.89219e-04    0.00000e+00    4    2.85038e+02
2130       7.56215e-08    2.94091e-05    9.99506e-01    3.84906e-04    0.00000e+00    4    1.42968e+02
2140       7.04878e-08    2.85499e-05    9.99467e-01    3.38676e-04    0.00000e+00    4    2.87348e+02
2140       6.88503e-08    2.95979e-05    -3.15438e-03    -7.31138e-03    0.00000e+00    4    1.45293e+02
2150       6.14229e-08    3.11790e-05    -3.15438e-03    -7.31138e-03    0.00000e+00    4    2.89594e+02
2150       6.78784e-08    2.90818e-05    -3.15438e-03    -7.31138e-03    0.00000e+00    4    1.47464e+02
2160       6.33865e-08    3.00484e-05    -3.15438e-03    -7.31138e-03    0.00000e+00    4    2.91671e+02
2160       7.49682e-08    2.88699e-05    9.99617e-01    4.89219e-04    0.00000e+00    4    1.49587e+02
2170       6.89530e-08    2.85623e-05    9.99467e-01    3.38676e-04    0.00000e+00    4    2.93961e+02
2170       7.47167e-08    2.84894e-05    9.99570e-01    4.49248e-04    0.00000e+00    4    1.51800e+02
2180       6.32013e-08    3.06717e-05    9.99534e-01    4.14590e-04    0.00000e+00    4    2.96207e+02
2180       6.25484e-08    2.56610e-05    -2.22636e-03    -6.84446e-03    0.00000e+00    1    1.54109e+02
2190       7.25525e-08    3.00182e-05    9.99453e-01    3.21137e-04    0.00000e+00    4    2.98447e+02
2190       6.65509e-08    3.19958e-05    9.99506e-01    3.84906e-04    0.00000e+00    4    1.56318e+02
2200       7.43406e-08    3.25421e-05    -4.32045e-03    -7.88873e-03    0.00000e+00    4    3.00663e+02
2200       7.27370e-08    3.55784e-05    -4.32045e-03    -7.88873e-03    0.00000e+00    4    1.58547e+02
2210       7.02197e-08    3.42388e-05    -4.32045e-03    -7.88873e-03    0.00000e+00    4    3.02685e+02
2210       7.65724e-08    3.48706e-05    -4.32045e-03    -7.88873e-03    0.00000e+00    4    1.60637e+02
2220       7.36456e-08    3.52343e-05    -4.32045e-03    -7.88873e-03    0.00000e+00    4    3.04954e+02
2220       7.52800e-08    3.47978e-05    -4.32045e-03    -7.88873e-03    0.00000e+00    4    1.62835e+02
2230       7.51282e-08    2.81816e-05    9.99484e-01    3.59764e-04    0.00000e+00    4    3.07119e+02
2230       7.11469e-08    2.73374e-05    -3.15438e-03    -7.31138e-03    0.00000e+00    1    1.65023e+02
2240       6.92886e-08    3.02852e-05    -3.15438e-03    -7.31138e-03    0.00000e+00    4    3.09423e+02
2240       6.61490e-08    3.21695e-05    -3.15438e-03    -7.31138e-03    0.00000e+00    4    1.67284e+02
2250       6.91034e-08    3.19701e-05    -3.15438e-03    -7.31138e-03    0.00000e+00    4    3.11553e+02
2250       6.71428e-08    3.33712e-05    -3.15438e-03    -7.31138e-03    0.00000e+00    4    1.69430e+02
2260       6.77230e-08    2.85141e-05    -3.15438e-03    -7.31138e-03    0.00000e+00    4    3.13683e+02
2260       7.06116e-08    2.82119e-05    -3.15438e-03    -7.31138e-03    0.00000e+00    4    1.71509e+02
2270       7.06484e-08    2.70045e-05    9.99570e-01    4.49248e-04    0.00000e+00    4    3.15856e+02
2270       6.96351e-08    2.86345e-05    9.99570e-01    4.49248e-04    0.00000e+00    4    1.73677e+02
2280       6.72599e-08    2.81123e-05    9.99467e-01    3.38676e-04    0.00000e+00    4    3.18098e+02
2280       6.26098e-08    2.55389e-05    9.99506e-01    3.84906e-04    0.00000e+00    4    1.75980e+02
2290       6.34803e-08    2.51653e-05    -4.32045e-03    -7.88873e-03    0.00000e+00    4    3.20262e+02
2290       6.18497e-08    2.66917e-05    -4.32045e-03    -7.88873e-03    0.00000e+00    4    1.78069e+02
2300       6.95248e-08    2.99029e-05    -1.57940e-03    -9.92989e-03    0.00000e+00    1    3.22533e+02
2300       6.60761e-08    3.03552e-05    -1.57940e-03    -9.92989e-03    0.00000e+00    1    1.80252e+02
2310       7.51047e-08    3.68595e-05    -4.32045e-03    -7.88873e-03    0.00000e+00    4    3.24645e+02
2310       7.07138e-08    3.62682e-05    -4.32045e-03    -7.88873e-03    0.00000e+00    4    1.82463e+02
2320       7.25396e-08    3.44575e-05    -4.32045e-03    -7.88873e-03    0.00000e+00    4    3.26778e+02
2320       7.35777e-08    3.00573e-05    -4.32045e-03    -7.88873e-03    0.00000e+00    4    1.84522e+02
2330       7.53877e-08    3.00128e-05    -4.32045e-03    -7.88873e-03    0.00000e+00    4    3.28883e+02
2330       7.42635e-08    2.89701e-05    9.99570e-01    4.49248e-04    0.00000e+00    4    1.86762e+02
2340       7.02053e-08    2.83078e-05    -3.15438e-03    -7.31138e-03    0.00000e+00    1    3.31097e+02
2340       6.52367e-08    2.83994e-05    -3.15438e-03    -7.31138e-03    0.00000e+00    1    1.88979e+02
2350       7.33091e-08    3.35715e-05    -3.15438e-03    -7.31138e-03    0.00000e+00    4    3.33304e+02
2350       6.55729e-08    3.45363e-05    -3.15438e-03    -7.31138e-03    0.00000e+00    4    1.91145e+02
2360       8.37937e-08    3.45452e-05    -3.15438e-03    -7.31138e-03    0.00000e+00    4    3.35579e+02
2360       6.76962e-08    3.40898e-05    -3.15438e-03    -7.31138e-03    0.00000e+00    4    1.93488e+02
2370       7.19480e-08    2.76052e-05    -3.15438e-03    -7.31138e-03    0.00000e+00    4    3.37777e+02
2370       6.68375e-08    2.73148e-05    -3.15438e-03    -7.31138e-03    0.00000e+00    4    1.95657e+02
2380       5.74434e-08    2.55074e-05    -2.22636e-03    -6.84446e-03    0.00000e+00    1    3.39994e+02
2380       6.57647e-08    2.56375e-05    -2.22636e-03    -6.84446e-03    0.00000e+00    1    1.97830e+02
2390       6.25199e-08    2.56326e-05    9.99506e-01    3.84906e-04    0.00000e+00    4    3.42263e+02
2390       6.77756e-08    2.82744e-05    9.99570e-01    4.49248e-04    0.00000e+00    4    2.00046e+02
2400       6.21108e-08    2.93854e-05    -4.32045e-03    -7.88873e-03    0.00000e+00    4    3.44294e+02
2400       6.46175e-08    3.13064e-05    -4.32045e-03    -7.88873e-03    0.00000e+00    4    2.02259e+02
2410       6.74579e-08    3.17383e-05    -4.32045e-03    -7.88873e-03    0.00000e+00    4    3.46610e+02
2410       6.74391e-08    3.29407e-05    -4.32045e-03    -7.88873e-03    0.00000e+00    4    2.04648e+02
2420       8.34321e-08    3.63571e-05    -4.32045e-03    -7.88873e-03    0.00000e+00    4    3.48790e+02
2420       7.19117e-08    3.56265e-05    -4.32045e-03    -7.88873e-03    0.00000e+00    4    2.06869e+02
2430       7.15975e-08    2.67817e-05    -3.15438e-03    -7.31138e-03    0.00000e+00    1    3.51090e+02
2430       6.53643e-08    2.69840e-05    -3.15438e-03    -7.31138e-03    0.00000e+00    1    2.09128e+02
2440       6.58465e-08    2.59179e-05    -3.15438e-03    -7.31138e-03    0.00000e+00    1    3.53392e+02
2440       6.92968e-08    2.78898e-05    -3.15438e-03    -7.31138e-03    0.00000e+00    4    2.11458e+02
2450       6.74896e-08    2.87483e-05    -3.15438e-03    -7.31138e-03    0.00000e+00    4    3.55677e+02
2450       7.09367e-08    3.00589e-05    -3.15438e-03    -7.31138e-03    0.00000e+00    4    2.13735e+02
2460       6.73308e-08    2.96273e-05    -3.15438e-03    -7.31138e-03    0.00000e+00    4    3.57930e+02
2460       6.25297e-08    2.89498e-05    -3.15438e-03    -7.31138e-03    0.00000e+00    4    2.15935e+02
2470       6.50086e-08    2.59437e-05    -3.15438e-03    -7.31138e-03    0.00000e+00    4    3.60112e+02
2470       6.07626e-08    2.59960e-05    -2.22636e-03    -6.84446e-03    0.00000e+00    1    2.18258e+02
2480       6.24567e-08    2.34121e-05    -2.22636e-03    -6.84446e-03    0.00000e+00    1    3.62490e+02
2480       6.65268e-08    2.34912e-05    -2.22636e-03    -6.84446e-03    0.00000e+00    1    2.20454e+02
2490       6.51285e-08    2.77539e-05    9.99467e-01    3.38676e-04    0.00000e+00    4    3.64602e+02
2490       6.07072e-08    2.39191e-05    -2.22636e-03    -6.84446e-03    0.00000e+00    1    2.22598e+02
2500       6.34819e-08    2.72100e-05    -1.57940e-03    -9.92989e-03    0.00000e+00    1    3.66746e+02
2500       7.86353e-08    3.13958e-05    9.99484e-01    3.59764e-04    0.00000e+00    4    2.24843e+02
2510       6.95801e-08    3.37577e-05    -4.32045e-03    -7.88873e-03    0.00000e+00    4    3.68905e+02
2510       7.54447e-08    3.61456e-05    -4.32045e-03    -7.88873e-03    0.00000e+00    4    2.26984e+02
2520       7.26746e-08    3.46465e-05    -4.32045e-03    -7.88873e-03    0.00000e+00    4    3.71088e+02
2520       7.43081e-08    3.51660e-05    -4.32045e-03    -7.88873e-03    0.00000e+00    4    2.29203e+02
2530       7.21907e-08    3.52302e-05    -4.32045e-03    -7.88873e-03    0.00000e+00    4    3.73400e+02
2530       7.04691e-08    3.34378e-05    -4.32045e-03    -7.88873e-03    0.00000e+00    4    2.31415e+02
2540       6.31715e-08    2.73564e-05    -3.15438e-03    -7.31138e-03    0.00000e+00    1    3.75479e+02
2540       7.10924e-08    2.75528e-05    -3.15438e-03    -7.31138e-03    0.00000e+00    1    2.33576e+02
2550       6.94019e-08    3.15018e-05    -3.15438e-03    -7.31138e-03    0.00000e+00    4    3.77656e+02
2550       7.01171e-08    3.29287e-05    -3.15438e-03    -7.31138e-03    0.00000e+00    4    2.35757e+02
2560       6.74921e-08    3.26743e-05    -3.15438e-03    -7.31138e-03    0.00000e+00    4    3.79893e+02
2560       6.79814e-08    3.39925e-05    -3.15438e-03    -7.31138e-03    0.00000e+00    4    2.37961e+02
2570       6.86032e-08    2.82704e-05    -3.15438e-03    -7.31138e-03    0.00000e+00    4    3.81956e+02
2570       6.52445e-08    2.79799e-05    -3.15438e-03    -7.31138e-03    0.00000e+00    4    2.40046e+02
2580       6.68739e-08    2.75107e-05    9.99467e-01    3.38676e-04    0.00000e+00    4    3.84018e+02
2580       6.64046e-08    2.72149e-05    9.99467e-01    3.38676e-04    0.00000e+00    4    2.42126e+02
2590       6.20782e-08    2.38708e-05    -2.22636e-03    -6.84446e-03    0.00000e+00    1    3.86198e+02
2590       6.16800e-08    2.41887e-05    -2.22636e-03    -6.84446e-03    0.00000e+00    1    2.44259e+02
2600       5.80851e-08    2.61697e-05    -4.32045e-03    -7.88873e-03    0.00000e+00    4    3.88248e+02
2600       6.68036e-08    2.81055e-05    -4.32045e-03    -7.88873e-03    0.00000e+00    4    2.46458e+02
2610       6.93421e-08    3.02583e-05    -1.57940e-03    -9.92989e-03    0.00000e+00    1    3.90536e+02
2610       6.91152e-08    3.05741e-05    -1.57940e-03    -9.92989e-03    0.00000e+00    1    2.48744e+02
2620       7.06982e-08    3.64025e-05    -4.32045e-03    -7.88873e-03    0.00000e+00    4    3.92725e+02
2620       6.98229e-08    3.63758e-05    -4.32045e-03    -7.88873e-03    0.00000e+00    4    2.50790e+02
2630       7.20573e-08    3.07210e-05    -4.32045e-03    -7.88873e-03    0.00000e+00    4    3.94827e+02
2630       6.66303e-08    2.83370e-05    -4.32045e-03    -7.88873e-03    0.00000e+00    4    2.52912e+02
2640       7.38428e-08    2.76151e-05    9.99467e-01    3.38676e-04    0.00000e+00    4    3.97111e+02
2640       6.85850e-08    2.77137e-05    9.99467e-01    3.38676e-04    0.00000e+00    4    2.55201e+02
2650       6.40180e-08    2.82927e-05    -3.15438e-03    -7.31138e-03    0.00000e+00    1    3.99315e+02
2650       6.47749e-08    2.81599e-05    -3.15438e-03    -7.31138e-03    0.00000e+00    4    2.57350e+02
2660       7.16869e-08    3.44497e-05    -3.15438e-03    -7.31138e-03    0.00000e+00    4    4.01603e+02
2660       6.84252e-08    3.26398e-05    -3.15438e-03    -7.31138e-03    0.00000e+00    4    2.59627e+02
2670       7.15881e-08    3.39526e-05    -3.15438e-03    -7.31138e-03    0.00000e+00    4    4.03771e+02
2670       7.25346e-08    3.29454e-05    -3.15438e-03    -7.31138e-03    0.00000e+00    4    2.61876e+02
2680       6.58398e-08    2.74586e-05    -3.15438e-03    -7.31138e-03    0.00000e+00    4    4.06068e+02
2680       6.67059e-08    2.60920e-05    -3.15438e-03    -7.31138e-03    0.00000e+00    4    2.64107e+02
2690       6.15167e-08    2.56404e-05    -2.22636e-03    -6.84446e-03    0.00000e+00    1    4.08230e+02
2690       6.34008e-08    2.53383e-05    -2.22636e-03    -6.84446e-03    0.00000e+00    1    2.66341e+02
2700       6.55449e-08    2.72243e-05    9.99467e-01    3.38676e-04    0.00000e+00    4    4.10450e+02
2700       6.38915e-08    2.76907e-05    9.99467e-01    3.38676e-04    0.00000e+00    4    2.68568e+02
2710       6.29657e-08    3.08484e-05    -4.32045e-03    -7.88873e-03    0.00000e+00    4    4.12677e+02
2710       6.48114e-08    3.21654e-05    -4.32045e-03    -7.88873e-03    0.00000e+00    4    2.70792e+02
2720       7.01014e-08    3.27680e-05    -4.32045e-03    -7.88873e-03    0.00000e+00    4    4.14886e+02
2720       7.13922e-08    3.39665e-05    -4.32045e-03    -7.88873e-03    0.00000e+00    4    2.73030e+02
2730       7.48645e-08    3.58076e-05    -4.32045e-03    -7.88873e-03    0.00000e+00    4    4.17075e+02
2730       7.62511e-08    3.51847e-05    -4.32045e-03    -7.88873e-03    0.00000e+00    4    2.75213e+02
2740       6.58013e-08    2.69652e-05    -3.15438e-03    -7.31138e-03    0.00000e+00    1    4.19165e+02
2740       6.53353e-08    2.72863e-05    -3.15438e-03    -7.31138e-03    0.00000e+00    1    2.77356e+02
2750       6.36891e-08    2.74134e-05    -3.15438e-03    -7.31138e-03    0.00000e+00    4    4.21263e+02
2750       6.33095e-08    3.00279e-05    -3.15438e-03    -7.31138e-03    0.00000e+00    4    2.79572e+02
2760       6.91769e-08    2.99812e-05    -3.15438e-03    -7.31138e-03    0.00000e+00    4    4.23549e+02
2760       6.84708e-08    3.18270e-05    -3.15438e-03    -7.31138e-03    0.00000e+00    4    2.81818e+02
2770       6.33226e-08    2.89336e-05    -3.15438e-03    -7.31138e-03    0.00000e+00    4    4.25680e+02
2770       6.44156e-08    2.85337e-05    -3.15438e-03    -7.31138e-03    0.00000e+00    4    2.84103e+02
2780       6.59110e-08    2.60398e-05    -2.22636e-03    -6.84446e-03    0.00000e+00    1    4.28034e+02
2780       6.56864e-08    2.59621e-05    -2.22636e-03    -6.84446e-03    0.00000e+00    1    2.86239e+02
2790       6.71438e-08    2.74674e-05    9.99467e-01    3.38676e-04    0.00000e+00    4    4.30114e+02
2790       6.61911e-08    2.75705e-05    9.99467e-01    3.38676e-04    0.00000e+00    4    2.88407e+02
2800       6.00859e-08    2.35098e-05    -2.22636e-03    -6.84446e-03    0.00000e+00    1    4.32269e+02
2800       6.10889e-08    2.52479e-05    -4.32045e-03    -7.88873e-03    0.00000e+00    4    2.90578e+02
2810       6.16331e-08    2.81660e-05    -1.57940e-03    -9.92989e-03    0.00000e+00    1    4.34535e+02
2810       6.15144e-08    3.00374e-05    -1.57940e-03    -9.92989e-03    0.00000e+00    1    2.92790e+02
2820       7.06471e-08    3.60323e-05    -4.32045e-03    -7.88873e-03    0.00000e+00    4    4.36787e+02
2820       7.35367e-08    3.69892e-05    -4.32045e-03    -7.88873e-03    0.00000e+00    4    2.95006e+02
2830       6.89050e-08    3.49930e-05    -4.32045e-03    -7.88873e-03    0.00000e+00    4    4.38953e+02
2830       7.31766e-08    3.38902e-05    -4.32045e-03    -7.88873e-03    0.00000e+00    4    2.97191e+02
2840       7.33120e-08    3.30324e-05    -4.32045e-03    -7.88873e-03    0.00000e+00    4    4.41130e+02
2840       7.36522e-08    2.98874e-05    -4.32045e-03    -7.88873e-03    0.00000e+00    4    2.99383e+02
2850       6.86798e-08    2.76818e-05    -3.15438e-03    -7.31138e-03    0.00000e+00    1    4.43257e+02
2850       6.82494e-08    2.84167e-05    -3.15438e-03    -7.31138e-03    0.00000e+00    1    3.01520e+02
2860       6.50743e-08    3.29863e-05    -3.15438e-03    -7.31138e-03    0.00000e+00    4    4.45328e+02
2860       7.40757e-08    3.34404e-05    -3.15438e-03    -7.31138e-03    0.00000e+00    4    3.03600e+02
2870       6.74507e-08    3.43662e-05    -3.15438e-03    -7.31138e-03    0.00000e+00    4    4.47517e+02
2870       7.14860e-08    3.46994e-05    -3.15438e-03    -7.31138e-03    0.00000e+00    4    3.05858e+02
2880       6.97037e-08    2.79056e-05    -3.15438e-03    -7.31138e-03    0.00000e+00    4    4.49763e+02
2880       6.81440e-08    2.74914e-05    -3.15438e-03    -7.31138e-03    0.00000e+00    4    3.08146e+02
2890       6.34742e-08    2.55409e-05    -2.22636e-03    -6.84446e-03    0.00000e+00    1    4.51941e+02
2890       7.08782e-08    2.56456e-05    9.99570e-01    4.49248e-04    0.00000e+00    4    3.10386e+02
2900       6.54425e-08    2.52115e-05    9.99570e-01    4.49248e-04    0.00000e+00    4    4.54209e+02
2900       6.36823e-08    2.43199e-05    -2.22636e-03    -6.84446e-03    0.00000e+00    1    3.12588e+02
2910       6.56398e-08    2.85698e-05    -4.32045e-03    -7.88873e-03    0.00000e+00    4    4.56370e+02
2910       6.34947e-08    3.01005e-05    -4.32045e-03    -7.88873e-03    0.00000e+00    4    3.14761e+02
2920       6.48089e-08    3.09676e-05    -4.32045e-03    -7.88873e-03    0.00000e+00    4    4.58499e+02
2920       7.11325e-08    3.22046e-05    -4.32045e-03    -7.88873e-03    0.00000e+00    4    3.17007e+02
2930       6.88796e-08    3.62854e-05    -4.32045e-03    -7.88873e-03    0.00000e+00    4    4.60712e+02
2930       7.08312e-08    3.60168e-05    -4.32045e-03    -7.88873e-03    0.00000e+00    4    3.19309e+02
2940       7.14704e-08    2.81044e-05    -4.32045e-03    -7.88873e-03    0.00000e+00    4    4.62879e+02
2940       6.65177e-08    2.67177e-05    -3.15438e-03    -7.31138e-03    0.00000e+00    1    3.21422e+02
2950       6.53346e-08    2.57128e-05    -3.15438e-03    -7.31138e-03    0.00000e+00    1    4.65036e+02
2950       6.88649e-08    2.64094e-05    -3.15438e-03    -7.31138e-03    0.00000e+00    4    3.23610e+02
2960       6.48430e-08    2.85607e-05    -3.15438e-03    -7.31138e-03    0.00000e+00    4    4.67233e+02
2960       6.51825e-08    2.90230e-05    -3.15438e-03    -7.31138e-03    0.00000e+00    4    3.25791e+02
2970       6.81116e-08    3.11944e-05    -3.15438e-03    -7.31138e-03    0.00000e+00    4    4.69420e+02
2970       6.66053e-08    2.91333e-05    -3.15438e-03    -7.31138e-03    0.00000e+00    4    3.27972e+02
2980       6.64552e-08    3.00925e-05    -3.15438e-03    -7.31138e-03    0.00000e+00    4    4.71538e+02
2980       6.87427e-08    2.58828e-05    -2.22636e-03    -6.84446e-03    0.00000e+00    1    3.30095e+02
2990       6.66385e-08    2.57124e-05    -3.15438e-03    -7.31138e-03    0.00000e+00    4    4.73643e+02
2990       6.30009e-08    2.34351e-05    -2.22636e-03    -6.84446e-03    0.00000e+00    1    3.32234e+02
3000       6.66342e-08    2.72076e-05    9.99467e-01    3.38676e-04    0.00000e+00    4    4.75872e+02
3000       6.05492e-08    2.55795e-05    -2.22636e-03    -6.84446e-03    0.00000e+00    1    3.34471e+02
3010       6.18626e-08    2.61767e-05    -1.57940e-03    -9.92989e-03    0.00000e+00    1    4.78530e+02
3010       6.31256e-08    2.78578e-05    -1.57940e-03    -9.92989e-03    0.00000e+00    1    3.37167e+02
3020       6.53717e-08    3.27098e-05    -4.32045e-03    -7.88873e-03    0.00000e+00    4    4.80727e+02
3020       6.57938e-08    3.55950e-05    -4.32045e-03    -7.88873e-03    0.00000e+00    4    3.39290e+02
3030       7.22882e-08    3.43362e-05    -4.32045e-03    -7.88873e-03    0.00000e+00    4    4.82834e+02
3030       6.88947e-08    3.48807e-05    -4.32045e-03    -7.88873e-03    0.00000e+00    4    3.41514e+02
3040       7.17090e-08    3.52204e-05    -4.32045e-03    -7.88873e-03    0.00000e+00    4    4.85038e+02
3040       7.60847e-08    3.46223e-05    -4.32045e-03    -7.88873e-03    0.00000e+00    4    3.43689e+02
3050       6.72501e-08    2.73507e-05    -3.15438e-03    -7.31138e-03    0.00000e+00    1    4.87231e+02
3050       6.48418e-08    2.73548e-05    -3.15438e-03    -7.31138e-03    0.00000e+00    1    3.45753e+02
3060       6.88005e-08    3.11032e-05    -3.15438e-03    -7.31138e-03    0.00000e+00    4    4.89303e+02
3060       6.47148e-08    3.25503e-05    -3.15438e-03    -7.31138e-03    0.00000e+00    4    3.47923e+02
3070       6.42505e-08    3.24467e-05    -3.15438e-03    -7.31138e-03    0.00000e+00    4    4.91548e+02
3070       7.11341e-08    3.35740e-05    -3.15438e-03    -7.31138e-03    0.00000e+00    4    3.50188e+02
3080       6.32537e-08    2.83204e-05    -3.15438e-03    -7.31138e-03    0.00000e+00    4    4.93776e+02
3080       6.65154e-08    2.80949e-05    -3.15438e-03    -7.31138e-03    0.00000e+00    4    3.52419e+02
3090       6.65600e-08    2.75482e-05    9.99467e-01    3.38676e-04    0.00000e+00    4    4.96051e+02
3090       6.26841e-08    2.56765e-05    -2.22636e-03    -6.84446e-03    0.00000e+00    1    3.54548e+02
3100       6.15596e-08    2.38043e-05    -4.32045e-03    -7.88873e-03    0.00000e+00    4    4.98148e+02
3100       6.68046e-08    2.41534e-05    -2.22636e-03    -6.84446e-03    0.00000e+00    1    3.56769e+02
3110       6.37307e-08    2.60587e-05    -4.32045e-03    -7.88873e-03    0.00000e+00    4    5.00393e+02
3110       6.17637e-08    2.76190e-05    -4.32045e-03    -7.88873e-03    0.00000e+00    4    3.58979e+02
3120       6.72348e-08    3.02805e-05    -1.57940e-03    -9.92989e-03    0.00000e+00    1    5.02516e+02
3120       6.46845e-08    3.05409e-05    -1.57940e-03    -9.92989e-03    0.00000e+00    1    3.61161e+02
3130       6.90019e-08    3.64011e-05    -4.32045e-03    -7.88873e-03    0.00000e+00    4    5.04738e+02
3130       7.39209e-08    3.63684e-05    -4.32045e-03    -7.88873e-03    0.00000e+00    4    3.63329e+02
3140       6.87485e-08    3.01881e-05    -4.32045e-03    -7.88873e-03    0.00000e+00    4    5.06809e+02
3140       6.93529e-08    2.83673e-05    -4.32045e-03    -7.88873e-03    0.00000e+00    4    3.65479e+02
3150       7.06780e-08    2.75075e-05    9.99467e-01    3.38676e-04    0.00000e+00    4    5.09014e+02
3150       6.62217e-08    2.57001e-05    -3.15438e-03    -7.31138e-03    0.00000e+00    1    3.67629e+02
3160       6.38716e-08    2.83615e-05    -3.15438e-03    -7.31138e-03    0.00000e+00    1    5.11170e+02
3160       6.94534e-08    2.81534e-05    -3.15438e-03    -7.31138e-03    0.00000e+00    4    3.69861e+02
3170       6.64167e-08    3.44668e-05    -3.15438e-03    -7.31138e-03    0.00000e+00    4    5.13447e+02
3170       6.52707e-08    3.26362e-05    -3.15438e-03    -7.31138e-03    0.00000e+00    4    3.72120e+02
3180       7.23202e-08    3.40277e-05    -3.15438e-03    -7.31138e-03    0.00000e+00    4    5.15685e+02
3180       6.74625e-08    3.29337e-05    -3.15438e-03    -7.31138e-03    0.00000e+00    4    3.74257e+02
3190       6.64482e-08    2.72703e-05    -3.15438e-03    -7.31138e-03    0.00000e+00    4    5.17801e+02
3190       6.65083e-08    2.60656e-05    -3.15438e-03    -7.31138e-03    0.00000e+00    4    3.76536e+02
3200       6.13312e-08    2.56221e-05    -2.22636e-03    -6.84446e-03    0.00000e+00    1    5.19998e+02
3200       7.01294e-08    2.58006e-05    9.99453e-01    3.21137e-04    0.00000e+00    4    3.78745e+02
3210       6.52896e-08    2.77673e-05    9.99467e-01    3.38676e-04    0.00000e+00    4    5.22274e+02
3210       6.68831e-08    2.59183e-05    9.99467e-01    3.38676e-04    0.00000e+00    4    3.81214e+02
3220       6.23221e-08    3.14375e-05    -4.32045e-03    -7.88873e-03    0.00000e+00    4    5.24801e+02
3220       6.33337e-08    3.22902e-05    -4.32045e-03    -7.88873e-03    0.00000e+00    4    3.83567e+02
3230       6.80944e-08    3.30743e-05    -4.32045e-03    -7.88873e-03    0.00000e+00    4    5.27117e+02
3230       6.33507e-08    3.40631e-05    -4.32045e-03    -7.88873e-03    0.00000e+00    4    3.85994e+02
3240       7.45179e-08    3.54058e-05    -4.32045e-03    -7.88873e-03    0.00000e+00    4    5.29548e+02
3240       7.37028e-08    3.51366e-05    -4.32045e-03    -7.88873e-03    0.00000e+00    4    3.88447e+02
3250       6.56520e-08    2.70727e-05    -3.15438e-03    -7.31138e-03    0.00000e+00    1    5.32036e+02
3250       6.45419e-08    2.73174e-05    -3.15438e-03    -7.31138e-03    0.00000e+00    1    3.90632e+02
3260       6.51500e-08    2.88025e-05    -3.15438e-03    -7.31138e-03    0.00000e+00    4    5.34285e+02
3260       6.57077e-08    3.04878e-05    -3.15438e-03    -7.31138e-03    0.00000e+00    4    3.93180e+02
3270       6.94562e-08    3.06847e-05    -3.15438e-03    -7.31138e-03    0.00000e+00    4    5.36759e+02
3270       6.69665e-08    3.22901e-05    -3.15438e-03    -7.31138e-03    0.00000e+00    4    3.95655e+02
3280       6.25702e-08    2.87515e-05    -3.15438e-03    -7.31138e-03    0.00000e+00    4    5.39233e+02
3280       6.59437e-08    2.84128e-05    -3.15438e-03    -7.31138e-03    0.00000e+00    4    3.97950e+02
3290       6.41493e-08    2.59603e-05    -2.22636e-03    -6.84446e-03    0.00000e+00    1    5.41394e+02
3290       6.54535e-08    2.58828e-05    -2.22636e-03    -6.84446e-03    0.00000e+00    1    4.00179e+02
3300       6.75237e-08    2.73250e-05    9.99467e-01    3.38676e-04    0.00000e+00    4    5.43731e+02
3300       6.52072e-08    2.50219e-05    9.99434e-01    2.94758e-04    0.00000e+00    4    4.02552e+02
3310       6.11921e-08    2.49726e-05    -4.32045e-03    -7.88873e-03    0.00000e+00    4    5.46041e+02
3310       6.15371e-08    2.58256e-05    -4.32045e-03    -7.88873e-03    0.00000e+00    4    4.04790e+02
3320       6.43588e-08    2.98852e-05    -1.57940e-03    -9.92989e-03    0.00000e+00    1    5.48194e+02
3320       6.55310e-08    3.03032e-05    -1.57940e-03    -9.92989e-03    0.00000e+00    1    4.07165e+02
3330       7.24729e-08    3.65813e-05    -4.32045e-03    -7.88873e-03    0.00000e+00    4    5.50597e+02
3330       7.08269e-08    3.63426e-05    -4.32045e-03    -7.88873e-03    0.00000e+00    4    4.09455e+02
3340       6.79458e-08    3.45177e-05    -4.32045e-03    -7.88873e-03    0.00000e+00    4    5.52879e+02
3340       7.37198e-08    3.10366e-05    -4.32045e-03    -7.88873e-03    0.00000e+00    4    4.11805e+02
3350       7.02339e-08    2.99839e-05    -4.32045e-03    -7.88873e-03    0.00000e+00    4    5.55313e+02
3350       6.92514e-08    2.52618e-05    9.99453e-01    3.21137e-04    0.00000e+00    4    4.14348e+02
3360       6.81215e-08    2.83118e-05    -3.15438e-03    -7.31138e-03    0.00000e+00    1    5.57801e+02
3360       6.19974e-08    2.82840e-05    -3.15438e-03    -7.31138e-03    0.00000e+00    1    4.16696e+02
3370       6.47221e-08    3.35815e-05    -3.15438e-03    -7.31138e-03    0.00000e+00    4    5.60170e+02
3370       6.22932e-08    3.44571e-05    -3.15438e-03    -7.31138e-03    0.00000e+00    4    4.19113e+02
3380       7.14151e-08    3.46709e-05    -3.15438e-03    -7.31138e-03    0.00000e+00    4    5.62601e+02
3380       7.12897e-08    3.39350e-05    -3.15438e-03    -7.31138e-03    0.00000e+00    4    4.21545e+02
3390       6.81170e-08    2.74984e-05    -3.15438e-03    -7.31138e-03    0.00000e+00    4    5.65131e+02
3390       6.84665e-08    2.73349e-05    -3.15438e-03    -7.31138e-03    0.00000e+00    4    4.24025e+02
3400       6.35987e-08    2.54839e-05    -2.22636e-03    -6.84446e-03    0.00000e+00    1    5.67445e+02
