Title="THE RESIDUAL"
Variables=
"iter"
"averageRes"
"maxRes"
"maxResCoorX"
"maxResCoorY"
"maxResCoorZ"
"maxResVariable"
"WallTime"
1          5.00276e-03    9.00421e-02    5.15431e-01    6.16576e-02    0.00000e+00    0    1.79000e-01
10         3.78498e-04    4.85957e-03    5.02892e-01    6.20415e-02    0.00000e+00    0    1.23800e+00
20         1.50083e-04    1.24460e-03    3.19558e-01    -5.87557e-02    0.00000e+00    0    2.12700e+00
30         8.69330e-05    1.06451e-03    -2.67552e-04    -1.05186e-03    0.00000e+00    0    3.13300e+00
40         7.80178e-05    1.25092e-03    -3.84833e-03    -1.40926e-03    0.00000e+00    0    4.96100e+00
50         7.83851e-05    1.58253e-03    -2.41884e-02    -3.18151e-03    0.00000e+00    0    6.64600e+00
60         8.46197e-05    1.28194e-03    3.22756e-01    -2.86212e-01    0.00000e+00    0    8.39400e+00
70         1.02061e-04    1.94567e-03    3.29574e-01    -5.79468e-01    0.00000e+00    0    1.01240e+01
80         1.43582e-04    3.10001e-03    1.97119e+00    9.75371e-02    0.00000e+00    0    1.19320e+01
90         1.62286e-04    2.81743e-03    8.34486e+00    1.60889e-01    0.00000e+00    0    1.37230e+01
100        1.65042e-04    2.93258e-03    8.34486e+00    1.60889e-01    0.00000e+00    0    1.54650e+01
110        2.41938e-04    6.15789e-03    7.58033e+00    2.08742e-01    0.00000e+00    0    1.73200e+01
120        2.65070e-04    5.08294e-03    -1.51239e+00    9.69190e-01    0.00000e+00    0    1.91980e+01
130        2.85981e-04    4.84080e-03    3.89149e+01    1.45423e+00    0.00000e+00    0    2.10590e+01
140        3.07515e-04    5.02774e-03    -4.43995e-01    3.49120e+00    0.00000e+00    0    2.29880e+01
150        3.13033e-04    5.20145e-03    -5.98721e-01    -8.62663e+00    0.00000e+00    0    2.49100e+01
160        3.05704e-04    4.25491e-03    -9.51900e+00    -3.20586e-01    0.00000e+00    0    2.67310e+01
170        2.84078e-04    3.13002e-03    1.97119e+00    9.75371e-02    0.00000e+00    0    2.85840e+01
180        2.88166e-04    4.28502e-03    2.31018e+00    -9.51274e-02    0.00000e+00    0    3.04700e+01
190        2.83922e-04    4.47320e-03    8.62462e+01    5.77787e+00    0.00000e+00    0    3.22990e+01
200        2.90257e-04    4.95537e-03    5.02125e-01    -5.06854e-02    0.00000e+00    0    3.41760e+01
210        3.32326e-04    5.50484e-03    7.13248e-01    4.73932e-02    0.00000e+00    0    3.60810e+01
220        3.85268e-04    5.67917e-03    7.03166e-01    5.10976e-02    0.00000e+00    0    3.80020e+01
230        4.63389e-04    9.48399e-03    6.81795e-01    5.26900e-02    0.00000e+00    0    3.99840e+01
240        5.71613e-04    1.12320e-02    6.70931e-01    5.46352e-02    0.00000e+00    0    4.18910e+01
250        7.35296e-04    1.71035e-02    6.48417e-01    5.61112e-02    0.00000e+00    0    4.38110e+01
260        9.65614e-04    2.37748e-02    6.37021e-01    5.79163e-02    0.00000e+00    0    4.56610e+01
270        1.20018e-03    2.97533e-02    2.31018e+00    -9.51274e-02    0.00000e+00    0    4.76740e+01
280        1.48936e-03    4.39839e-02    1.97119e+00    9.75371e-02    0.00000e+00    0    4.96480e+01
290        1.76138e-03    6.80933e-02    1.97119e+00    9.75371e-02    0.00000e+00    0    5.16180e+01
300        1.96564e-03    8.62633e-02    1.97119e+00    9.75371e-02    0.00000e+00    0    5.34980e+01
310        2.04477e-03    8.83109e-02    1.97119e+00    9.75371e-02    0.00000e+00    0    5.54140e+01
320        1.98487e-03    8.12789e-02    2.31018e+00    -9.51274e-02    0.00000e+00    0    5.72920e+01
330        1.87243e-03    7.57136e-02    2.31018e+00    -9.51274e-02    0.00000e+00    0    5.91240e+01
340        1.73243e-03    7.44480e-02    2.31018e+00    -9.51274e-02    0.00000e+00    0    6.09940e+01
350        1.66691e-03    7.86537e-02    2.31018e+00    -9.51274e-02    0.00000e+00    0    6.25280e+01
360        1.56287e-03    7.80337e-02    2.31018e+00    -9.51274e-02    0.00000e+00    0    6.37730e+01
370        1.45501e-03    6.80354e-02    2.31018e+00    -9.51274e-02    0.00000e+00    0    6.51470e+01
380        1.42520e-03    5.67918e-02    2.31018e+00    -9.51274e-02    0.00000e+00    0    6.63860e+01
390        1.45605e-03    5.28754e-02    1.97119e+00    9.75371e-02    0.00000e+00    0    6.75810e+01
400        1.40458e-03    5.34131e-02    6.48826e-01    6.04700e-02    0.00000e+00    0    6.87810e+01
410        1.30157e-03    5.91178e-02    6.14060e-01    6.53432e-02    0.00000e+00    0    7.00050e+01
420        1.06564e-03    5.42241e-02    6.02125e-01    6.62579e-02    0.00000e+00    0    7.12470e+01
430        1.02015e-03    4.36686e-02    6.13796e-01    6.20172e-02    0.00000e+00    0    7.27180e+01
440        9.02157e-04    2.66885e-02    5.89756e-01    6.26076e-02    0.00000e+00    0    7.41170e+01
450        7.07986e-04    2.13017e-02    1.97119e+00    9.75371e-02    0.00000e+00    0    7.54870e+01
460        5.98748e-04    2.30363e-02    8.38635e-01    5.19751e-02    0.00000e+00    0    7.69030e+01
470        4.70490e-04    1.33330e-02    8.36949e-01    4.10331e-02    0.00000e+00    0    7.85490e+01
480        4.48858e-04    1.12218e-02    8.37944e-01    4.74907e-02    0.00000e+00    0    7.98570e+01
490        5.46800e-04    2.39569e-02    1.97119e+00    9.75371e-02    0.00000e+00    0    8.10560e+01
500        7.06391e-04    3.70224e-02    1.97119e+00    9.75371e-02    0.00000e+00    0    8.22400e+01
510        8.49349e-04    4.64813e-02    1.97119e+00    9.75371e-02    0.00000e+00    0    8.34250e+01
520        8.47143e-04    4.73749e-02    2.31018e+00    -9.51274e-02    0.00000e+00    0    8.46220e+01
530        6.61568e-04    3.48178e-02    2.31018e+00    -9.51274e-02    0.00000e+00    0    8.57730e+01
540        5.43076e-04    2.40221e-02    6.25857e-01    6.43785e-02    0.00000e+00    0    8.69160e+01
550        6.92370e-04    2.78917e-02    6.13913e-01    6.34954e-02    0.00000e+00    0    8.80810e+01
560        7.44137e-04    2.22073e-02    6.82720e-01    6.12073e-02    0.00000e+00    0    8.92390e+01
570        6.39729e-04    1.69089e-02    8.38635e-01    5.19751e-02    0.00000e+00    0    9.04330e+01
580        4.66578e-04    1.68956e-02    2.31018e+00    -9.51274e-02    0.00000e+00    0    9.15800e+01
590        3.91099e-04    2.42764e-02    2.31018e+00    -9.51274e-02    0.00000e+00    0    9.27320e+01
600        3.36686e-04    1.74943e-02    2.31018e+00    -9.51274e-02    0.00000e+00    0    9.38870e+01
610        3.71954e-04    1.55694e-02    2.31018e+00    -9.51274e-02    0.00000e+00    0    9.50480e+01
620        3.77345e-04    9.01941e-03    8.37391e-01    4.39031e-02    0.00000e+00    0    9.61970e+01
630        3.65378e-04    1.28694e-02    2.31018e+00    -9.51274e-02    0.00000e+00    0    9.73330e+01
640        3.21565e-04    1.01342e-02    6.37210e-01    6.00439e-02    0.00000e+00    0    9.84800e+01
650        2.23006e-04    7.70285e-03    6.25577e-01    6.10533e-02    0.00000e+00    0    9.96490e+01
660        2.67483e-04    8.78803e-03    2.31018e+00    -9.51274e-02    0.00000e+00    0    1.00777e+02
670        3.63739e-04    1.25406e-02    6.01791e-01    6.17480e-02    0.00000e+00    0    1.01931e+02
680        3.58663e-04    1.20652e-02    6.37507e-01    6.33681e-02    0.00000e+00    0    1.03070e+02
690        3.17970e-04    9.37383e-03    6.71504e-01    6.00754e-02    0.00000e+00    0    1.04261e+02
700        2.99572e-04    1.08336e-02    8.37944e-01    4.74907e-02    0.00000e+00    0    1.05408e+02
710        3.16965e-04    1.23934e-02    8.37944e-01    4.74907e-02    0.00000e+00    0    1.06565e+02
720        2.79588e-04    1.04160e-02    1.97119e+00    9.75371e-02    0.00000e+00    0    1.07689e+02
730        2.30694e-04    6.83270e-03    8.37944e-01    4.74907e-02    0.00000e+00    0    1.08862e+02
740        2.12609e-04    6.47703e-03    1.06221e+00    2.85803e-02    0.00000e+00    0    1.10008e+02
750        2.10368e-04    1.18466e-02    1.97119e+00    9.75371e-02    0.00000e+00    0    1.11167e+02
760        1.84578e-04    9.66405e-03    1.97119e+00    9.75371e-02    0.00000e+00    0    1.12336e+02
770        1.38030e-04    4.41014e-03    8.37944e-01    4.74907e-02    0.00000e+00    0    1.13483e+02
780        1.23201e-04    4.02621e-03    1.06221e+00    2.85803e-02    0.00000e+00    0    1.14636e+02
790        1.22042e-04    4.82995e-03    1.97119e+00    9.75371e-02    0.00000e+00    0    1.15815e+02
800        1.15660e-04    4.49115e-03    2.31018e+00    -9.51274e-02    0.00000e+00    0    1.16971e+02
810        1.14799e-04    3.69647e-03    2.31018e+00    -9.51274e-02    0.00000e+00    0    1.18136e+02
820        1.24993e-04    3.71247e-03    8.37944e-01    4.74907e-02    0.00000e+00    0    1.19290e+02
830        1.34472e-04    5.13205e-03    1.97119e+00    9.75371e-02    0.00000e+00    0    1.20470e+02
840        1.33071e-04    6.86530e-03    1.97119e+00    9.75371e-02    0.00000e+00    0    1.21657e+02
850        1.28782e-04    7.50021e-03    1.97119e+00    9.75371e-02    0.00000e+00    0    1.22786e+02
860        1.15085e-04    5.89739e-03    2.31018e+00    -9.51274e-02    0.00000e+00    0    1.23959e+02
870        9.06715e-05    3.10546e-03    2.31018e+00    -9.51274e-02    0.00000e+00    0    1.25224e+02
880        7.40127e-05    2.15326e-03    1.05022e+00    1.34452e-02    0.00000e+00    0    1.26385e+02
890        6.56193e-05    1.55543e-03    1.06221e+00    2.85803e-02    0.00000e+00    0    1.27532e+02
900        6.04439e-05    1.44044e-03    8.37944e-01    4.74907e-02    0.00000e+00    0    1.28700e+02
910        6.03043e-05    1.95508e-03    8.37944e-01    4.74907e-02    0.00000e+00    0    1.29841e+02
920        6.84012e-05    2.94733e-03    1.97119e+00    9.75371e-02    0.00000e+00    0    1.31037e+02
930        8.07912e-05    4.45483e-03    1.97119e+00    9.75371e-02    0.00000e+00    0    1.32372e+02
940        8.82935e-05    5.28592e-03    1.97119e+00    9.75371e-02    0.00000e+00    0    1.33645e+02
950        8.02388e-05    4.55060e-03    2.31018e+00    -9.51274e-02    0.00000e+00    0    1.34817e+02
960        5.90253e-05    2.36877e-03    2.31018e+00    -9.51274e-02    0.00000e+00    0    1.35961e+02
970        4.02854e-05    9.68730e-04    1.05022e+00    1.34452e-02    0.00000e+00    0    1.37334e+02
980        3.62316e-05    1.31253e-03    2.31018e+00    -9.51274e-02    0.00000e+00    0    1.38584e+02
990        3.93618e-05    1.32935e-03    2.31018e+00    -9.51274e-02    0.00000e+00    0    1.39959e+02
1000       4.03692e-05    9.75045e-04    8.37391e-01    4.39031e-02    0.00000e+00    0    1.42013e+02
1010       3.94404e-05    8.25664e-04    2.31018e+00    -9.51274e-02    0.00000e+00    0    1.35800e+00
1010       3.94404e-05    8.25660e-04    2.31018e+00    -9.51274e-02    0.00000e+00    0    1.44632e+02
1020       3.45926e-05    1.27928e-03    2.31018e+00    -9.51274e-02    0.00000e+00    0    2.59400e+00
1020       3.45926e-05    1.27929e-03    2.31018e+00    -9.51274e-02    0.00000e+00    0    1.46792e+02
1030       2.85873e-05    1.02147e-03    2.31018e+00    -9.51274e-02    0.00000e+00    0    4.71400e+00
1030       2.85874e-05    1.02149e-03    2.31018e+00    -9.51274e-02    0.00000e+00    0    1.49173e+02
1040       2.62224e-05    8.03378e-04    1.97119e+00    9.75371e-02    0.00000e+00    0    7.12700e+00
1040       2.62226e-05    8.03394e-04    1.97119e+00    9.75371e-02    0.00000e+00    0    1.51565e+02
1050       2.74696e-05    6.29499e-04    1.04399e+00    -1.51655e-02    0.00000e+00    0    9.51700e+00
1050       2.74704e-05    6.29200e-04    1.04399e+00    -1.51655e-02    0.00000e+00    0    1.53813e+02
1060       2.86845e-05    7.66166e-04    6.01879e-01    6.29309e-02    0.00000e+00    0    1.14590e+01
1060       2.86846e-05    7.66166e-04    6.01879e-01    6.29309e-02    0.00000e+00    0    1.55089e+02
1070       2.54089e-05    6.71456e-04    6.01879e-01    6.29309e-02    0.00000e+00    0    1.26780e+01
1070       2.54023e-05    6.71456e-04    6.01879e-01    6.29309e-02    0.00000e+00    0    1.56230e+02
1080       2.07369e-05    7.31361e-04    1.97119e+00    9.75371e-02    0.00000e+00    0    1.38470e+01
1080       2.07893e-05    7.51908e-04    1.97119e+00    9.75371e-02    0.00000e+00    0    1.57386e+02
1090       1.87951e-05    8.61056e-04    2.31018e+00    -9.51274e-02    0.00000e+00    0    1.49760e+01
1090       1.94226e-05    8.84664e-04    2.31018e+00    -9.51274e-02    0.00000e+00    0    1.58524e+02
1100       1.88806e-05    5.81448e-04    1.97119e+00    9.75371e-02    0.00000e+00    0    1.61430e+01
1100       1.92486e-05    5.51292e-04    1.97119e+00    9.75371e-02    0.00000e+00    0    1.59704e+02
1110       1.79159e-05    5.15056e-04    6.01879e-01    6.29309e-02    0.00000e+00    0    1.73090e+01
1110       1.80278e-05    5.16402e-04    6.01879e-01    6.29309e-02    0.00000e+00    0    1.60856e+02
1120       1.79356e-05    9.31263e-04    2.31018e+00    -9.51274e-02    0.00000e+00    0    1.84730e+01
1120       1.81519e-05    9.95031e-04    2.31018e+00    -9.51274e-02    0.00000e+00    0    1.62014e+02
1130       1.89044e-05    1.19666e-03    2.31018e+00    -9.51274e-02    0.00000e+00    0    1.96270e+01
1130       1.86966e-05    1.16189e-03    2.31018e+00    -9.51274e-02    0.00000e+00    0    1.63150e+02
1140       1.78489e-05    9.11830e-04    2.31018e+00    -9.51274e-02    0.00000e+00    0    2.07760e+01
1140       1.73904e-05    8.99808e-04    2.31018e+00    -9.51274e-02    0.00000e+00    0    1.64296e+02
1150       1.43203e-05    4.70111e-04    2.31018e+00    -9.51274e-02    0.00000e+00    0    2.19260e+01
1150       1.38922e-05    3.66537e-04    1.97119e+00    9.75371e-02    0.00000e+00    0    1.65446e+02
1160       1.07306e-05    2.92793e-04    1.04399e+00    -1.51655e-02    0.00000e+00    0    2.30840e+01
1160       1.03711e-05    2.96975e-04    1.04399e+00    -1.51655e-02    0.00000e+00    0    1.66556e+02
1170       9.02694e-06    3.13305e-04    1.04399e+00    -1.51655e-02    0.00000e+00    0    2.42440e+01
1170       8.91787e-06    3.12029e-04    1.04399e+00    -1.51655e-02    0.00000e+00    0    1.67701e+02
1180       8.93705e-06    3.23953e-04    1.04399e+00    -1.51655e-02    0.00000e+00    0    2.54280e+01
1180       8.92638e-06    3.12536e-04    1.04399e+00    -1.51655e-02    0.00000e+00    0    1.68876e+02
1190       8.58432e-06    3.30050e-04    1.04399e+00    -1.51655e-02    0.00000e+00    0    2.65820e+01
1190       8.26998e-06    3.18400e-04    1.04399e+00    -1.51655e-02    0.00000e+00    0    1.70026e+02
1200       8.28907e-06    4.02974e-04    2.31018e+00    -9.51274e-02    0.00000e+00    0    2.77480e+01
1200       8.14814e-06    3.95710e-04    2.31018e+00    -9.51274e-02    0.00000e+00    0    1.71190e+02
1210       8.96620e-06    4.98313e-04    2.31018e+00    -9.51274e-02    0.00000e+00    0    2.89070e+01
1210       9.03902e-06    4.89248e-04    2.31018e+00    -9.51274e-02    0.00000e+00    0    1.72331e+02
1220       9.18802e-06    4.22050e-04    2.31018e+00    -9.51274e-02    0.00000e+00    0    3.00490e+01
1220       9.12667e-06    4.55300e-04    2.31018e+00    -9.51274e-02    0.00000e+00    0    1.73462e+02
1230       8.25481e-06    4.16251e-04    2.31018e+00    -9.51274e-02    0.00000e+00    0    3.12030e+01
1230       8.23811e-06    3.97113e-04    2.31018e+00    -9.51274e-02    0.00000e+00    0    1.74601e+02
1240       6.91359e-06    3.23938e-04    2.31018e+00    -9.51274e-02    0.00000e+00    0    3.23640e+01
1240       6.82681e-06    3.22066e-04    2.31018e+00    -9.51274e-02    0.00000e+00    0    1.75752e+02
1250       7.25811e-06    4.10397e-04    1.97119e+00    9.75371e-02    0.00000e+00    0    3.35440e+01
1250       7.05880e-06    3.94027e-04    1.97119e+00    9.75371e-02    0.00000e+00    0    1.76862e+02
1260       8.66820e-06    5.39353e-04    1.97119e+00    9.75371e-02    0.00000e+00    0    3.47100e+01
1260       8.74331e-06    5.50699e-04    1.97119e+00    9.75371e-02    0.00000e+00    0    1.78011e+02
1270       9.81415e-06    6.37299e-04    1.97119e+00    9.75371e-02    0.00000e+00    0    3.58490e+01
1270       9.50792e-06    5.95105e-04    1.97119e+00    9.75371e-02    0.00000e+00    0    1.79171e+02
1280       1.01273e-05    6.71093e-04    2.31018e+00    -9.51274e-02    0.00000e+00    0    3.70230e+01
1280       9.93207e-06    6.35234e-04    2.31018e+00    -9.51274e-02    0.00000e+00    0    1.80341e+02
1290       9.19036e-06    5.62709e-04    2.31018e+00    -9.51274e-02    0.00000e+00    0    3.81910e+01
1290       9.36241e-06    5.92895e-04    2.31018e+00    -9.51274e-02    0.00000e+00    0    1.81471e+02
1300       7.81076e-06    3.93182e-04    2.31018e+00    -9.51274e-02    0.00000e+00    0    3.93430e+01
1300       7.87774e-06    4.00288e-04    2.31018e+00    -9.51274e-02    0.00000e+00    0    1.82630e+02
1310       6.27357e-06    1.64933e-04    8.37944e-01    4.74907e-02    0.00000e+00    0    4.04830e+01
1310       6.30740e-06    1.78143e-04    2.31018e+00    -9.51274e-02    0.00000e+00    0    1.83778e+02
1320       5.45792e-06    1.42379e-04    8.38635e-01    5.19751e-02    0.00000e+00    0    4.16110e+01
1320       5.63415e-06    1.46039e-04    8.38635e-01    5.19751e-02    0.00000e+00    0    1.84939e+02
1330       5.19245e-06    1.30792e-04    1.04399e+00    -1.51655e-02    0.00000e+00    0    4.27490e+01
1330       5.25729e-06    1.42210e-04    9.99854e-01    6.42886e-04    0.00000e+00    0    1.86072e+02
1340       5.07631e-06    1.66059e-04    1.04399e+00    -1.51655e-02    0.00000e+00    0    4.38740e+01
1340       5.09163e-06    1.44438e-04    1.04399e+00    -1.51655e-02    0.00000e+00    0    1.87237e+02
1350       5.63953e-06    2.79418e-04    1.97119e+00    9.75371e-02    0.00000e+00    0    4.50370e+01
1350       5.87174e-06    3.18596e-04    1.97119e+00    9.75371e-02    0.00000e+00    0    1.88379e+02
1360       6.87622e-06    4.63541e-04    2.31018e+00    -9.51274e-02    0.00000e+00    0    4.61870e+01
1360       7.04217e-06    4.74078e-04    2.31018e+00    -9.51274e-02    0.00000e+00    0    1.89552e+02
1370       7.73365e-06    5.24713e-04    2.31018e+00    -9.51274e-02    0.00000e+00    0    4.73940e+01
1370       7.74040e-06    5.15654e-04    2.31018e+00    -9.51274e-02    0.00000e+00    0    1.90759e+02
1380       7.30160e-06    4.01580e-04    2.31018e+00    -9.51274e-02    0.00000e+00    0    4.85790e+01
1380       7.10240e-06    4.11404e-04    2.31018e+00    -9.51274e-02    0.00000e+00    0    1.91919e+02
1390       6.23769e-06    2.26770e-04    2.31018e+00    -9.51274e-02    0.00000e+00    0    4.97190e+01
1390       5.83473e-06    1.90819e-04    2.31018e+00    -9.51274e-02    0.00000e+00    0    1.93057e+02
1400       5.02487e-06    1.64457e-04    8.37944e-01    4.74907e-02    0.00000e+00    0    5.09040e+01
1400       4.71841e-06    1.64072e-04    8.37944e-01    4.74907e-02    0.00000e+00    0    1.94250e+02
1410       4.33694e-06    1.27870e-04    8.37944e-01    4.74907e-02    0.00000e+00    0    5.20490e+01
1410       4.22438e-06    1.27216e-04    8.37944e-01    4.74907e-02    0.00000e+00    0    1.95410e+02
1420       4.32183e-06    1.10011e-04    9.99754e-01    5.85917e-04    0.00000e+00    0    5.32060e+01
1420       4.22938e-06    1.09296e-04    -1.48739e-03    -6.46756e-03    0.00000e+00    0    1.96575e+02
1430       4.65779e-06    1.41154e-04    9.99754e-01    5.85917e-04    0.00000e+00    0    5.43510e+01
1430       4.67470e-06    1.27429e-04    9.99854e-01    6.42886e-04    0.00000e+00    0    1.97708e+02
1440       4.83313e-06    1.42123e-04    2.31018e+00    -9.51274e-02    0.00000e+00    0    5.55170e+01
1440       4.71494e-06    1.32834e-04    2.31018e+00    -9.51274e-02    0.00000e+00    0    1.98854e+02
1450       4.53526e-06    1.55690e-04    2.31018e+00    -9.51274e-02    0.00000e+00    0    5.67340e+01
1450       4.42528e-06    1.29727e-04    2.31018e+00    -9.51274e-02    0.00000e+00    0    2.00011e+02
1460       3.83311e-06    1.34345e-04    8.37944e-01    4.74907e-02    0.00000e+00    0    5.79400e+01
1460       3.78166e-06    1.38132e-04    8.37944e-01    4.74907e-02    0.00000e+00    0    2.01171e+02
1470       3.70790e-06    1.48382e-04    8.37944e-01    4.74907e-02    0.00000e+00    0    5.91130e+01
1470       3.68544e-06    1.53244e-04    8.37944e-01    4.74907e-02    0.00000e+00    0    2.02315e+02
1480       3.87085e-06    1.50868e-04    8.37944e-01    4.74907e-02    0.00000e+00    0    6.02550e+01
1480       3.84237e-06    1.57203e-04    8.37944e-01    4.74907e-02    0.00000e+00    0    2.03475e+02
1490       3.86761e-06    1.38518e-04    8.37944e-01    4.74907e-02    0.00000e+00    0    6.14110e+01
1490       3.79174e-06    1.45732e-04    8.37944e-01    4.74907e-02    0.00000e+00    0    2.04610e+02
1500       3.47486e-06    1.18819e-04    8.37944e-01    4.74907e-02    0.00000e+00    0    6.25540e+01
1500       3.51288e-06    1.26251e-04    8.37944e-01    4.74907e-02    0.00000e+00    0    2.05766e+02
1510       3.34955e-06    1.05486e-04    -1.48739e-03    -6.46756e-03    0.00000e+00    0    6.37030e+01
1510       3.39118e-06    1.06920e-04    8.37944e-01    4.74907e-02    0.00000e+00    0    2.06901e+02
1520       3.35563e-06    1.04549e-04    1.03709e+00    2.60894e-04    0.00000e+00    0    6.48660e+01
1520       3.34506e-06    9.25992e-05    -1.48739e-03    -6.46756e-03    0.00000e+00    0    2.08052e+02
1530       3.41588e-06    9.15667e-05    1.05022e+00    1.34452e-02    0.00000e+00    0    6.60150e+01
1530       3.35277e-06    9.80552e-05    9.99676e-01    5.34732e-04    0.00000e+00    0    2.09169e+02
1540       3.26381e-06    1.14631e-04    9.99854e-01    6.42886e-04    0.00000e+00    0    6.71680e+01
1540       3.29351e-06    9.04966e-05    8.37944e-01    4.74907e-02    0.00000e+00    0    2.10292e+02
1550       3.04760e-06    1.23075e-04    9.99754e-01    5.85917e-04    0.00000e+00    0    6.83350e+01
1550       3.22274e-06    1.05004e-04    2.31018e+00    -9.51274e-02    0.00000e+00    0    2.11427e+02
1560       2.95466e-06    9.78128e-05    -2.22636e-03    -6.84446e-03    0.00000e+00    0    6.94800e+01
1560       3.19938e-06    1.05091e-04    8.37944e-01    4.74907e-02    0.00000e+00    0    2.12558e+02
1570       3.11430e-06    1.02531e-04    -2.22636e-03    -6.84446e-03    0.00000e+00    0    7.06170e+01
1570       3.08864e-06    1.03518e-04    8.37944e-01    4.74907e-02    0.00000e+00    0    2.13688e+02
1580       2.90154e-06    9.78149e-05    -2.22636e-03    -6.84446e-03    0.00000e+00    0    7.18280e+01
1580       2.91198e-06    1.00742e-04    9.99617e-01    4.89219e-04    0.00000e+00    0    2.14899e+02
1590       2.80016e-06    1.17513e-04    9.99754e-01    5.85917e-04    0.00000e+00    0    7.29870e+01
1590       2.60065e-06    8.64991e-05    -2.22636e-03    -6.84446e-03    0.00000e+00    0    2.16061e+02
1600       2.73688e-06    9.01993e-05    9.99676e-01    5.34732e-04    0.00000e+00    0    7.41450e+01
1600       2.63317e-06    8.75190e-05    9.99854e-01    6.42886e-04    0.00000e+00    0    2.17209e+02
1610       2.52633e-06    9.81476e-05    -1.48739e-03    -6.46756e-03    0.00000e+00    0    7.52840e+01
1610       2.54823e-06    9.72053e-05    -1.48739e-03    -6.46756e-03    0.00000e+00    0    2.18323e+02
1620       2.42378e-06    1.10275e-04    -1.48739e-03    -6.46756e-03    0.00000e+00    0    7.64290e+01
1620       2.52296e-06    1.08867e-04    -1.48739e-03    -6.46756e-03    0.00000e+00    0    2.19458e+02
1630       2.39023e-06    9.84876e-05    9.99754e-01    5.85917e-04    0.00000e+00    0    7.75790e+01
1630       2.43583e-06    9.94977e-05    9.99754e-01    5.85917e-04    0.00000e+00    0    2.20569e+02
1640       2.21116e-06    8.81240e-05    9.99676e-01    5.34732e-04    0.00000e+00    0    7.87360e+01
1640       2.16977e-06    8.17003e-05    9.99676e-01    5.34732e-04    0.00000e+00    0    2.21713e+02
1650       1.95427e-06    7.07443e-05    -2.22636e-03    -6.84446e-03    0.00000e+00    0    7.98690e+01
1650       1.96987e-06    9.91102e-05    9.99676e-01    5.34732e-04    0.00000e+00    0    2.22836e+02
1660       1.88413e-06    7.85889e-05    -2.22636e-03    -6.84446e-03    0.00000e+00    0    8.10310e+01
1660       1.78372e-06    7.63729e-05    -2.22636e-03    -6.84446e-03    0.00000e+00    0    2.23990e+02
1670       1.96909e-06    9.99114e-05    -2.22636e-03    -6.84446e-03    0.00000e+00    0    8.21720e+01
1670       1.75206e-06    9.92805e-05    -2.22636e-03    -6.84446e-03    0.00000e+00    0    2.25123e+02
1680       2.19695e-06    1.01988e-04    -2.22636e-03    -6.84446e-03    0.00000e+00    0    8.33140e+01
1680       1.78517e-06    1.02945e-04    -2.22636e-03    -6.84446e-03    0.00000e+00    0    2.26257e+02
1690       2.47285e-06    8.10301e-05    -2.22636e-03    -6.84446e-03    0.00000e+00    0    8.44490e+01
1690       1.83638e-06    8.86034e-05    -2.22636e-03    -6.84446e-03    0.00000e+00    0    2.27396e+02
1700       2.06478e-06    7.06047e-05    -1.48739e-03    -6.46756e-03    0.00000e+00    0    8.56180e+01
1700       1.90361e-06    9.67222e-05    9.99676e-01    5.34732e-04    0.00000e+00    0    2.28541e+02
1710       1.95409e-06    9.01139e-05    9.99676e-01    5.34732e-04    0.00000e+00    0    8.67540e+01
1710       1.74762e-06    8.59275e-05    -1.48739e-03    -6.46756e-03    0.00000e+00    0    2.29653e+02
1720       1.90457e-06    1.04063e-04    -1.48739e-03    -6.46756e-03    0.00000e+00    0    2.30769e+02
1720       1.65670e-06    1.04669e-04    -1.48739e-03    -6.46756e-03    0.00000e+00    0    8.79090e+01
1730       1.53114e-06    1.15137e-04    -1.48739e-03    -6.46756e-03    0.00000e+00    0    2.31895e+02
1730       1.89292e-06    1.16075e-04    -1.48739e-03    -6.46756e-03    0.00000e+00    0    8.90340e+01
1740       1.53970e-06    9.43103e-05    -3.15438e-03    -7.31138e-03    0.00000e+00    0    2.33021e+02
1740       1.60234e-06    9.31018e-05    -3.15438e-03    -7.31138e-03    0.00000e+00    0    9.01680e+01
1750       1.55479e-06    6.82517e-05    9.99854e-01    6.42886e-04    0.00000e+00    0    2.34126e+02
1750       1.73977e-06    9.01742e-05    9.99754e-01    5.85917e-04    0.00000e+00    0    9.12880e+01
1760       1.47286e-06    8.12335e-05    -2.22636e-03    -6.84446e-03    0.00000e+00    0    2.35255e+02
1760       1.75613e-06    8.34614e-05    -2.22636e-03    -6.84446e-03    0.00000e+00    0    9.24160e+01
1770       1.36760e-06    8.93749e-05    -2.22636e-03    -6.84446e-03    0.00000e+00    0    2.36381e+02
1770       1.71078e-06    9.18881e-05    -2.22636e-03    -6.84446e-03    0.00000e+00    0    9.35570e+01
1780       1.36937e-06    1.01196e-04    -2.22636e-03    -6.84446e-03    0.00000e+00    0    2.37531e+02
1780       1.68675e-06    1.01133e-04    -2.22636e-03    -6.84446e-03    0.00000e+00    0    9.47190e+01
1790       1.47102e-06    9.68303e-05    -2.22636e-03    -6.84446e-03    0.00000e+00    0    2.38645e+02
1790       1.51336e-06    9.50129e-05    -2.22636e-03    -6.84446e-03    0.00000e+00    0    9.58250e+01
1800       1.41509e-06    6.92744e-05    -2.22636e-03    -6.84446e-03    0.00000e+00    0    2.39798e+02
1800       1.62717e-06    9.47491e-05    9.99676e-01    5.34732e-04    0.00000e+00    0    9.69620e+01
1810       1.40065e-06    8.14668e-05    -1.48739e-03    -6.46756e-03    0.00000e+00    0    2.40913e+02
1810       1.58007e-06    8.33498e-05    -1.48739e-03    -6.46756e-03    0.00000e+00    0    9.80740e+01
1820       1.40705e-06    9.66525e-05    -1.48739e-03    -6.46756e-03    0.00000e+00    0    2.42050e+02
1820       1.62719e-06    9.87566e-05    -1.48739e-03    -6.46756e-03    0.00000e+00    0    9.92300e+01
1830       1.36077e-06    9.37318e-05    -1.48739e-03    -6.46756e-03    0.00000e+00    0    2.43196e+02
1830       1.92386e-06    1.13437e-04    1.03427e+00    5.50563e-03    0.00000e+00    0    1.00390e+02
1840       1.46878e-06    9.75835e-05    -1.48739e-03    -6.46756e-03    0.00000e+00    0    2.44333e+02
1840       1.54839e-06    9.30066e-05    -1.48739e-03    -6.46756e-03    0.00000e+00    0    1.01515e+02
1850       1.28184e-06    8.13893e-05    -1.48739e-03    -6.46756e-03    0.00000e+00    0    2.45455e+02
1850       1.48145e-06    7.19573e-05    -1.48739e-03    -6.46756e-03    0.00000e+00    0    1.02646e+02
1860       1.16208e-06    5.55060e-05    -3.15438e-03    -7.31138e-03    0.00000e+00    0    2.46562e+02
1860       1.53505e-06    7.63667e-05    9.99676e-01    5.34732e-04    0.00000e+00    0    1.03782e+02
1870       1.22349e-06    8.99833e-05    -2.22636e-03    -6.84446e-03    0.00000e+00    0    2.47672e+02
1870       1.73370e-06    9.37203e-05    -2.22636e-03    -6.84446e-03    0.00000e+00    0    1.04930e+02
1880       1.27701e-06    9.84478e-05    -2.22636e-03    -6.84446e-03    0.00000e+00    0    2.48796e+02
1880       1.79410e-06    1.02254e-04    -2.22636e-03    -6.84446e-03    0.00000e+00    0    1.06054e+02
1890       1.21543e-06    1.01872e-04    -2.22636e-03    -6.84446e-03    0.00000e+00    0    2.49913e+02
1890       1.37279e-06    1.00487e-04    -2.22636e-03    -6.84446e-03    0.00000e+00    0    1.07177e+02
1900       1.31352e-06    8.95888e-05    -2.22636e-03    -6.84446e-03    0.00000e+00    0    2.51060e+02
1900       1.45771e-06    8.73016e-05    -2.22636e-03    -6.84446e-03    0.00000e+00    0    1.08320e+02
1910       1.42074e-06    7.38538e-05    -1.48739e-03    -6.46756e-03    0.00000e+00    0    2.52171e+02
1910       1.38032e-06    7.69325e-05    -1.48739e-03    -6.46756e-03    0.00000e+00    0    1.09442e+02
1920       1.25832e-06    9.32694e-05    -1.48739e-03    -6.46756e-03    0.00000e+00    0    2.53298e+02
1920       1.21610e-06    9.84304e-05    -1.48739e-03    -6.46756e-03    0.00000e+00    0    1.10564e+02
1930       1.20741e-06    1.05782e-04    -1.48739e-03    -6.46756e-03    0.00000e+00    0    2.54426e+02
1930       1.34196e-06    1.09068e-04    -1.48739e-03    -6.46756e-03    0.00000e+00    0    1.11694e+02
1940       1.25562e-06    9.22054e-05    -3.15438e-03    -7.31138e-03    0.00000e+00    0    2.55560e+02
1940       1.57510e-06    9.36986e-05    -3.15438e-03    -7.31138e-03    0.00000e+00    0    1.12821e+02
1950       1.18690e-06    8.33041e-05    -1.48739e-03    -6.46756e-03    0.00000e+00    0    2.56681e+02
1950       1.35930e-06    7.49120e-05    -1.48739e-03    -6.46756e-03    0.00000e+00    0    1.13926e+02
1960       1.12877e-06    6.63600e-05    -2.22636e-03    -6.84446e-03    0.00000e+00    0    2.57795e+02
1960       1.49361e-06    7.19754e-05    -2.22636e-03    -6.84446e-03    0.00000e+00    0    1.15084e+02
1970       1.14685e-06    7.52203e-05    -2.22636e-03    -6.84446e-03    0.00000e+00    0    2.58896e+02
1970       1.56029e-06    8.00915e-05    -2.22636e-03    -6.84446e-03    0.00000e+00    0    1.16199e+02
1980       1.27495e-06    9.88817e-05    -2.22636e-03    -6.84446e-03    0.00000e+00    0    2.60026e+02
1980       1.48180e-06    9.99276e-05    -2.22636e-03    -6.84446e-03    0.00000e+00    0    1.17334e+02
1990       1.27436e-06    1.05245e-04    -2.22636e-03    -6.84446e-03    0.00000e+00    0    2.61130e+02
1990       1.67276e-06    1.01832e-04    -2.22636e-03    -6.84446e-03    0.00000e+00    0    1.18481e+02
2000       1.11792e-06    9.21338e-05    -2.22636e-03    -6.84446e-03    0.00000e+00    0    2.62332e+02
2000       1.39584e-06    8.23738e-05    -2.22636e-03    -6.84446e-03    0.00000e+00    0    1.19688e+02
2010       1.07526e-06    7.65576e-05    -2.22636e-03    -6.84446e-03    0.00000e+00    0    2.63712e+02
2010       1.66920e-06    8.19866e-05    9.95913e-01    4.11290e-03    0.00000e+00    0    1.21077e+02
2020       9.80576e-07    8.46546e-05    -1.48739e-03    -6.46756e-03    0.00000e+00    0    2.64874e+02
2020       1.25881e-06    8.92102e-05    -1.48739e-03    -6.46756e-03    0.00000e+00    0    1.22258e+02
2030       1.06183e-06    1.01803e-04    -1.48739e-03    -6.46756e-03    0.00000e+00    0    2.66056e+02
2030       1.29741e-06    1.04528e-04    -1.48739e-03    -6.46756e-03    0.00000e+00    0    1.23444e+02
2040       1.10337e-06    1.14422e-04    -1.48739e-03    -6.46756e-03    0.00000e+00    0    2.67441e+02
2040       1.48400e-06    1.15871e-04    -1.48739e-03    -6.46756e-03    0.00000e+00    0    1.24988e+02
2050       1.12577e-06    9.39226e-05    -3.15438e-03    -7.31138e-03    0.00000e+00    0    2.69089e+02
2050       1.36489e-06    9.31059e-05    -3.15438e-03    -7.31138e-03    0.00000e+00    0    1.26597e+02
2060       1.05250e-06    6.38588e-05    -1.48739e-03    -6.46756e-03    0.00000e+00    0    2.70536e+02
2060       1.38125e-06    6.09739e-05    -3.15438e-03    -7.31138e-03    0.00000e+00    0    1.27976e+02
2070       1.06326e-06    7.94336e-05    -2.22636e-03    -6.84446e-03    0.00000e+00    0    2.71672e+02
2070       1.53188e-06    8.34796e-05    -2.22636e-03    -6.84446e-03    0.00000e+00    0    1.29243e+02
2080       9.89229e-07    8.83930e-05    -2.22636e-03    -6.84446e-03    0.00000e+00    0    2.73852e+02
2080       1.45614e-06    9.17695e-05    -2.22636e-03    -6.84446e-03    0.00000e+00    0    1.31635e+02
2090       1.02397e-06    1.01125e-04    -2.22636e-03    -6.84446e-03    0.00000e+00    0    2.76187e+02
2090       1.20642e-06    1.01036e-04    -2.22636e-03    -6.84446e-03    0.00000e+00    0    1.34004e+02
2100       1.02943e-06    9.74157e-05    -2.22636e-03    -6.84446e-03    0.00000e+00    0    2.78590e+02
2100       1.14240e-06    9.44116e-05    -2.22636e-03    -6.84446e-03    0.00000e+00    0    1.36341e+02
2110       9.92378e-07    7.03814e-05    -2.22636e-03    -6.84446e-03    0.00000e+00    0    2.80675e+02
2110       1.31635e-06    6.72738e-05    9.95913e-01    4.11290e-03    0.00000e+00    0    1.38497e+02
2120       9.48061e-07    8.16570e-05    -1.48739e-03    -6.46756e-03    0.00000e+00    0    2.82893e+02
2120       1.37333e-06    8.51850e-05    -1.48739e-03    -6.46756e-03    0.00000e+00    0    1.40685e+02
2130       9.42286e-07    9.64480e-05    -1.48739e-03    -6.46756e-03    0.00000e+00    0    2.85076e+02
2130       1.33711e-06    9.92039e-05    -1.48739e-03    -6.46756e-03    0.00000e+00    0    1.43002e+02
2140       9.60789e-07    9.40611e-05    -1.48739e-03    -6.46756e-03    0.00000e+00    0    2.87381e+02
2140       1.43194e-06    9.26117e-05    -1.48739e-03    -6.46756e-03    0.00000e+00    0    1.45336e+02
2150       1.00754e-06    9.91701e-05    -1.48739e-03    -6.46756e-03    0.00000e+00    0    2.89635e+02
2150       1.50202e-06    9.21938e-05    -1.48739e-03    -6.46756e-03    0.00000e+00    0    1.47514e+02
2160       1.00142e-06    8.28633e-05    -1.48739e-03    -6.46756e-03    0.00000e+00    0    2.91722e+02
2160       1.40661e-06    7.04535e-05    -1.48739e-03    -6.46756e-03    0.00000e+00    0    1.49635e+02
2170       9.53127e-07    5.61574e-05    -3.15438e-03    -7.31138e-03    0.00000e+00    0    2.94010e+02
2170       1.43501e-06    6.77626e-05    -2.22636e-03    -6.84446e-03    0.00000e+00    0    1.51843e+02
2180       1.00111e-06    8.98559e-05    -2.22636e-03    -6.84446e-03    0.00000e+00    0    2.96244e+02
2180       1.30953e-06    9.48849e-05    -2.22636e-03    -6.84446e-03    0.00000e+00    0    1.54160e+02
2190       1.18858e-06    9.83225e-05    -2.22636e-03    -6.84446e-03    0.00000e+00    0    2.98496e+02
2190       1.16723e-06    1.02478e-04    -2.22636e-03    -6.84446e-03    0.00000e+00    0    1.56372e+02
2200       1.18342e-06    1.01842e-04    -2.22636e-03    -6.84446e-03    0.00000e+00    0    3.00703e+02
2200       1.50880e-06    9.98274e-05    -2.22636e-03    -6.84446e-03    0.00000e+00    0    1.58586e+02
2210       9.89882e-07    8.92901e-05    -2.22636e-03    -6.84446e-03    0.00000e+00    0    3.02735e+02
2210       1.10608e-06    8.61531e-05    -2.22636e-03    -6.84446e-03    0.00000e+00    0    1.60683e+02
2220       9.16955e-07    7.44169e-05    -1.48739e-03    -6.46756e-03    0.00000e+00    0    3.04990e+02
2220       1.53608e-06    1.11668e-04    9.97792e-01    1.85953e-03    0.00000e+00    0    1.62874e+02
2230       1.06254e-06    9.43915e-05    -1.48739e-03    -6.46756e-03    0.00000e+00    0    3.07151e+02
2230       1.76547e-06    9.82164e-05    -1.48739e-03    -6.46756e-03    0.00000e+00    0    1.65061e+02
2240       1.21661e-06    1.06650e-04    -1.48739e-03    -6.46756e-03    0.00000e+00    0    3.09473e+02
2240       1.52456e-06    1.09944e-04    -1.48739e-03    -6.46756e-03    0.00000e+00    0    1.67333e+02
2250       1.22301e-06    9.24900e-05    -3.15438e-03    -7.31138e-03    0.00000e+00    0    3.11598e+02
2250       1.41751e-06    9.39205e-05    -3.15438e-03    -7.31138e-03    0.00000e+00    0    1.69473e+02
2260       1.28502e-06    8.13543e-05    -1.48739e-03    -6.46756e-03    0.00000e+00    0    3.13716e+02
2260       1.51435e-06    7.31712e-05    -1.48739e-03    -6.46756e-03    0.00000e+00    0    1.71558e+02
2270       1.15407e-06    6.69715e-05    -2.22636e-03    -6.84446e-03    0.00000e+00    0    3.15889e+02
2270       1.58187e-06    7.31000e-05    -2.22636e-03    -6.84446e-03    0.00000e+00    0    1.73727e+02
2280       1.10165e-06    7.60486e-05    -2.22636e-03    -6.84446e-03    0.00000e+00    0    3.18145e+02
2280       1.23678e-06    8.15693e-05    -2.22636e-03    -6.84446e-03    0.00000e+00    0    1.76014e+02
2290       1.14948e-06    9.88177e-05    -2.22636e-03    -6.84446e-03    0.00000e+00    0    3.20297e+02
2290       1.23014e-06    1.00085e-04    -2.22636e-03    -6.84446e-03    0.00000e+00    0    1.78117e+02
2300       1.31738e-06    1.04638e-04    -2.22636e-03    -6.84446e-03    0.00000e+00    0    3.22584e+02
2300       1.26441e-06    1.01424e-04    -2.22636e-03    -6.84446e-03    0.00000e+00    0    1.80309e+02
2310       1.16642e-06    9.08519e-05    -2.22636e-03    -6.84446e-03    0.00000e+00    0    3.24679e+02
2310       1.46075e-06    7.91700e-05    -2.22636e-03    -6.84446e-03    0.00000e+00    0    1.82502e+02
2320       1.02229e-06    7.59141e-05    -2.22636e-03    -6.84446e-03    0.00000e+00    0    3.26814e+02
2320       1.38593e-06    7.45229e-05    -1.48739e-03    -6.46756e-03    0.00000e+00    0    1.84563e+02
2330       1.03284e-06    8.49154e-05    -1.48739e-03    -6.46756e-03    0.00000e+00    0    3.28923e+02
2330       1.31154e-06    9.34749e-05    -1.48739e-03    -6.46756e-03    0.00000e+00    0    1.86800e+02
2340       1.07748e-06    1.01967e-04    -1.48739e-03    -6.46756e-03    0.00000e+00    0    3.31142e+02
2340       1.23278e-06    1.03594e-04    -1.48739e-03    -6.46756e-03    0.00000e+00    0    1.89020e+02
2350       1.17503e-06    1.14458e-04    -1.48739e-03    -6.46756e-03    0.00000e+00    0    3.33348e+02
2350       1.22569e-06    1.15630e-04    -1.48739e-03    -6.46756e-03    0.00000e+00    0    1.91195e+02
2360       1.14698e-06    9.39876e-05    -3.15438e-03    -7.31138e-03    0.00000e+00    0    3.35626e+02
2360       1.26173e-06    9.28649e-05    -3.15438e-03    -7.31138e-03    0.00000e+00    0    1.93528e+02
2370       9.43717e-07    6.37827e-05    -1.48739e-03    -6.46756e-03    0.00000e+00    0    3.37825e+02
2370       1.19727e-06    6.06929e-05    -3.15438e-03    -7.31138e-03    0.00000e+00    0    1.95686e+02
2380       9.85982e-07    7.95176e-05    -2.22636e-03    -6.84446e-03    0.00000e+00    0    3.40044e+02
2380       1.26793e-06    8.55421e-05    -2.22636e-03    -6.84446e-03    0.00000e+00    0    1.97876e+02
2390       9.32069e-07    8.84731e-05    -2.22636e-03    -6.84446e-03    0.00000e+00    0    3.42311e+02
2390       1.19775e-06    9.25378e-05    -2.22636e-03    -6.84446e-03    0.00000e+00    0    2.00080e+02
2400       9.40864e-07    1.01084e-04    -2.22636e-03    -6.84446e-03    0.00000e+00    0    3.44356e+02
2400       1.22764e-06    1.01274e-04    -2.22636e-03    -6.84446e-03    0.00000e+00    0    2.02310e+02
2410       9.42814e-07    9.70793e-05    -2.22636e-03    -6.84446e-03    0.00000e+00    0    3.46658e+02
2410       1.23891e-06    9.26415e-05    -2.22636e-03    -6.84446e-03    0.00000e+00    0    2.04682e+02
2420       9.07148e-07    6.95609e-05    -2.22636e-03    -6.84446e-03    0.00000e+00    0    3.48835e+02
2420       1.48813e-06    6.80309e-05    -1.48739e-03    -6.46756e-03    0.00000e+00    0    2.06924e+02
2430       8.96950e-07    8.18811e-05    -1.48739e-03    -6.46756e-03    0.00000e+00    0    3.51134e+02
2430       1.49820e-06    8.85154e-05    -1.48739e-03    -6.46756e-03    0.00000e+00    0    2.09177e+02
2440       8.78368e-07    9.66364e-05    -1.48739e-03    -6.46756e-03    0.00000e+00    0    3.53430e+02
2440       1.21991e-06    1.01572e-04    -1.48739e-03    -6.46756e-03    0.00000e+00    0    2.11508e+02
2450       9.32914e-07    9.29382e-05    -1.48739e-03    -6.46756e-03    0.00000e+00    0    3.55727e+02
2450       1.23182e-06    9.22349e-05    -1.48739e-03    -6.46756e-03    0.00000e+00    0    2.13783e+02
2460       8.93492e-07    9.42131e-05    -1.48739e-03    -6.46756e-03    0.00000e+00    0    3.57978e+02
2460       1.17659e-06    8.93729e-05    -1.48739e-03    -6.46756e-03    0.00000e+00    0    2.15980e+02
2470       8.54436e-07    7.45770e-05    -1.48739e-03    -6.46756e-03    0.00000e+00    0    3.60161e+02
2470       1.35175e-06    7.86952e-05    1.03427e+00    5.50563e-03    0.00000e+00    0    2.18292e+02
2480       7.90745e-07    5.93065e-05    -2.22636e-03    -6.84446e-03    0.00000e+00    0    3.62529e+02
2480       1.28245e-06    7.14303e-05    -2.22636e-03    -6.84446e-03    0.00000e+00    0    2.20482e+02
2490       8.81495e-07    9.26517e-05    -2.22636e-03    -6.84446e-03    0.00000e+00    0    3.64641e+02
2490       1.25261e-06    9.79297e-05    -2.22636e-03    -6.84446e-03    0.00000e+00    0    2.22631e+02
2500       9.38927e-07    1.01596e-04    -2.22636e-03    -6.84446e-03    0.00000e+00    0    3.66801e+02
2500       1.34941e-06    1.02586e-04    -2.22636e-03    -6.84446e-03    0.00000e+00    0    2.24902e+02
2510       9.19496e-07    1.01122e-04    -2.22636e-03    -6.84446e-03    0.00000e+00    0    3.68953e+02
2510       1.40407e-06    9.77353e-05    -2.22636e-03    -6.84446e-03    0.00000e+00    0    2.27026e+02
2520       9.17285e-07    8.78624e-05    -2.22636e-03    -6.84446e-03    0.00000e+00    0    3.71128e+02
2520       1.47993e-06    8.32933e-05    -2.22636e-03    -6.84446e-03    0.00000e+00    0    2.29254e+02
2530       8.16811e-07    7.66877e-05    -1.48739e-03    -6.46756e-03    0.00000e+00    0    3.73450e+02
2530       1.67531e-06    7.98325e-05    -1.48739e-03    -6.46756e-03    0.00000e+00    0    2.31473e+02
2540       8.59878e-07    9.67983e-05    -1.48739e-03    -6.46756e-03    0.00000e+00    0    3.75514e+02
2540       1.71819e-06    9.96059e-05    -1.48739e-03    -6.46756e-03    0.00000e+00    0    2.33618e+02
2550       9.59843e-07    1.08884e-04    -1.48739e-03    -6.46756e-03    0.00000e+00    0    3.77689e+02
2550       1.31889e-06    1.10999e-04    -1.48739e-03    -6.46756e-03    0.00000e+00    0    2.35791e+02
2560       9.44173e-07    9.32341e-05    -3.15438e-03    -7.31138e-03    0.00000e+00    0    3.79940e+02
2560       1.06787e-06    9.41540e-05    -3.15438e-03    -7.31138e-03    0.00000e+00    0    2.38011e+02
2570       8.45137e-07    7.62371e-05    -1.48739e-03    -6.46756e-03    0.00000e+00    0    3.82007e+02
2570       8.69788e-07    6.90495e-05    -1.48739e-03    -6.46756e-03    0.00000e+00    0    2.40080e+02
2580       8.40532e-07    7.09137e-05    -2.22636e-03    -6.84446e-03    0.00000e+00    0    3.84070e+02
2580       8.98637e-07    7.58934e-05    -2.22636e-03    -6.84446e-03    0.00000e+00    0    2.42169e+02
2590       8.24174e-07    7.85098e-05    -2.22636e-03    -6.84446e-03    0.00000e+00    0    3.86240e+02
2590       9.23355e-07    8.47353e-05    -2.22636e-03    -6.84446e-03    0.00000e+00    0    2.44296e+02
2600       8.15498e-07    9.97057e-05    -2.22636e-03    -6.84446e-03    0.00000e+00    0    3.88309e+02
2600       8.93045e-07    1.00878e-04    -2.22636e-03    -6.84446e-03    0.00000e+00    0    2.46509e+02
2610       8.77703e-07    1.01623e-04    -2.22636e-03    -6.84446e-03    0.00000e+00    0    3.90581e+02
2610       8.66362e-07    9.96537e-05    -2.22636e-03    -6.84446e-03    0.00000e+00    0    2.48773e+02
2620       8.54168e-07    7.97078e-05    -2.22636e-03    -6.84446e-03    0.00000e+00    0    3.92762e+02
2620       7.91877e-07    7.51312e-05    -2.22636e-03    -6.84446e-03    0.00000e+00    0    2.50840e+02
2630       8.37388e-07    7.29089e-05    -1.48739e-03    -6.46756e-03    0.00000e+00    0    3.94863e+02
2630       8.13186e-07    7.84781e-05    -1.48739e-03    -6.46756e-03    0.00000e+00    0    2.52951e+02
2640       8.33219e-07    9.19056e-05    -1.48739e-03    -6.46756e-03    0.00000e+00    0    3.97157e+02
2640       8.85120e-07    9.62813e-05    -1.48739e-03    -6.46756e-03    0.00000e+00    0    2.55237e+02
2650       9.58772e-07    1.03955e-04    -1.48739e-03    -6.46756e-03    0.00000e+00    0    3.99368e+02
2650       9.42980e-07    9.54197e-05    -1.48739e-03    -6.46756e-03    0.00000e+00    0    2.57399e+02
2660       1.00937e-06    1.15836e-04    -1.48739e-03    -6.46756e-03    0.00000e+00    0    4.01641e+02
2660       9.43418e-07    1.05673e-04    -1.48739e-03    -6.46756e-03    0.00000e+00    0    2.59674e+02
2670       9.28991e-07    9.29656e-05    -3.15438e-03    -7.31138e-03    0.00000e+00    0    4.03804e+02
2670       9.05969e-07    8.67700e-05    -1.48739e-03    -6.46756e-03    0.00000e+00    0    2.61912e+02
2680       7.57457e-07    6.08444e-05    -3.15438e-03    -7.31138e-03    0.00000e+00    0    4.06109e+02
2680       8.00820e-07    5.72405e-05    -3.15438e-03    -7.31138e-03    0.00000e+00    0    2.64155e+02
2690       7.81218e-07    8.42683e-05    -2.22636e-03    -6.84446e-03    0.00000e+00    0    4.08270e+02
2690       8.52299e-07    8.82236e-05    -2.22636e-03    -6.84446e-03    0.00000e+00    0    2.66389e+02
2700       8.40575e-07    9.21546e-05    -2.22636e-03    -6.84446e-03    0.00000e+00    0    4.10509e+02
2700       9.40907e-07    9.66153e-05    -2.22636e-03    -6.84446e-03    0.00000e+00    0    2.68630e+02
2710       8.54624e-07    1.01101e-04    -2.22636e-03    -6.84446e-03    0.00000e+00    0    4.12721e+02
2710       8.67236e-07    1.01995e-04    -2.22636e-03    -6.84446e-03    0.00000e+00    0    2.70842e+02
2720       8.58116e-07    9.34712e-05    -2.22636e-03    -6.84446e-03    0.00000e+00    0    4.14937e+02
2720       8.85779e-07    8.96318e-05    -2.22636e-03    -6.84446e-03    0.00000e+00    0    2.73062e+02
2730       7.92919e-07    6.72439e-05    -1.48739e-03    -6.46756e-03    0.00000e+00    0    4.17107e+02
2730       8.28178e-07    7.32247e-05    -1.48739e-03    -6.46756e-03    0.00000e+00    0    2.75250e+02
2740       7.68599e-07    8.73982e-05    -1.48739e-03    -6.46756e-03    0.00000e+00    0    4.19204e+02
2740       8.54066e-07    9.38119e-05    -1.48739e-03    -6.46756e-03    0.00000e+00    0    2.77391e+02
2750       8.30198e-07    1.00473e-04    -1.48739e-03    -6.46756e-03    0.00000e+00    0    4.21301e+02
2750       8.96034e-07    1.06056e-04    -1.48739e-03    -6.46756e-03    0.00000e+00    0    2.79618e+02
2760       8.68187e-07    9.23124e-05    -1.48739e-03    -6.46756e-03    0.00000e+00    0    4.23600e+02
2760       9.20825e-07    9.23791e-05    -3.15438e-03    -7.31138e-03    0.00000e+00    0    2.81862e+02
2770       8.62126e-07    9.04868e-05    -1.48739e-03    -6.46756e-03    0.00000e+00    0    4.25719e+02
2770       8.83044e-07    8.22735e-05    -1.48739e-03    -6.46756e-03    0.00000e+00    0    2.84155e+02
2780       8.20962e-07    6.88833e-05    -1.48739e-03    -6.46756e-03    0.00000e+00    0    4.28069e+02
2780       8.40241e-07    6.67053e-05    -2.22636e-03    -6.84446e-03    0.00000e+00    0    2.86275e+02
2790       7.56579e-07    7.20538e-05    -2.22636e-03    -6.84446e-03    0.00000e+00    0    4.30163e+02
2790       7.98690e-07    7.58145e-05    -2.22636e-03    -6.84446e-03    0.00000e+00    0    2.88445e+02
2800       8.11123e-07    9.82015e-05    -2.22636e-03    -6.84446e-03    0.00000e+00    0    4.32318e+02
2800       8.07267e-07    9.88813e-05    -2.22636e-03    -6.84446e-03    0.00000e+00    0    2.90635e+02
2810       8.69287e-07    1.02888e-04    -2.22636e-03    -6.84446e-03    0.00000e+00    0    4.34568e+02
2810       8.97238e-07    1.03406e-04    -2.22636e-03    -6.84446e-03    0.00000e+00    0    2.92839e+02
2820       8.28504e-07    9.76952e-05    -2.22636e-03    -6.84446e-03    0.00000e+00    0    4.36837e+02
2820       8.72347e-07    9.01985e-05    -2.22636e-03    -6.84446e-03    0.00000e+00    0    2.95049e+02
2830       8.30697e-07    8.21852e-05    -2.22636e-03    -6.84446e-03    0.00000e+00    0    4.38997e+02
2830       8.57148e-07    7.06817e-05    -2.22636e-03    -6.84446e-03    0.00000e+00    0    2.97234e+02
2840       7.89703e-07    8.00498e-05    -1.48739e-03    -6.46756e-03    0.00000e+00    0    4.41176e+02
2840       8.32090e-07    8.52004e-05    -1.48739e-03    -6.46756e-03    0.00000e+00    0    2.99426e+02
2850       8.85756e-07    1.00304e-04    -1.48739e-03    -6.46756e-03    0.00000e+00    0    4.43301e+02
2850       9.28594e-07    1.03224e-04    -1.48739e-03    -6.46756e-03    0.00000e+00    0    3.01562e+02
2860       9.71208e-07    1.11119e-04    -1.48739e-03    -6.46756e-03    0.00000e+00    0    4.45374e+02
2860       1.00687e-06    1.14618e-04    -1.48739e-03    -6.46756e-03    0.00000e+00    0    3.03649e+02
2870       9.43967e-07    9.43745e-05    -3.15438e-03    -7.31138e-03    0.00000e+00    0    4.47564e+02
2870       9.88072e-07    9.43985e-05    -3.15438e-03    -7.31138e-03    0.00000e+00    0    3.05909e+02
2880       8.01453e-07    6.79439e-05    -1.48739e-03    -6.46756e-03    0.00000e+00    0    4.49797e+02
2880       8.72932e-07    6.19200e-05    -1.48739e-03    -6.46756e-03    0.00000e+00    0    3.08193e+02
2890       8.47391e-07    7.68859e-05    -2.22636e-03    -6.84446e-03    0.00000e+00    0    4.51983e+02
2890       8.24996e-07    8.12758e-05    -2.22636e-03    -6.84446e-03    0.00000e+00    0    3.10419e+02
2900       9.35374e-07    8.57120e-05    -2.22636e-03    -6.84446e-03    0.00000e+00    0    4.54263e+02
2900       8.41870e-07    8.96190e-05    -2.22636e-03    -6.84446e-03    0.00000e+00    0    3.12634e+02
2910       8.68626e-07    1.00898e-04    -2.22636e-03    -6.84446e-03    0.00000e+00    0    4.56402e+02
2910       8.46735e-07    1.00892e-04    -2.22636e-03    -6.84446e-03    0.00000e+00    0    3.14801e+02
2920       9.09837e-07    9.93526e-05    -2.22636e-03    -6.84446e-03    0.00000e+00    0    4.58530e+02
2920       8.92344e-07    9.52915e-05    -2.22636e-03    -6.84446e-03    0.00000e+00    0    3.17051e+02
2930       1.10628e-06    7.26783e-05    -2.22636e-03    -6.84446e-03    0.00000e+00    0    4.60761e+02
2930       8.05373e-07    6.43670e-05    -2.22636e-03    -6.84446e-03    0.00000e+00    0    3.19342e+02
2940       1.18891e-06    7.87564e-05    -1.48739e-03    -6.46756e-03    0.00000e+00    0    4.62911e+02
2940       9.00424e-07    8.30291e-05    -1.48739e-03    -6.46756e-03    0.00000e+00    0    3.21455e+02
2950       1.35454e-06    9.65727e-05    -1.48739e-03    -6.46756e-03    0.00000e+00    0    4.65085e+02
2950       9.06011e-07    9.89548e-05    -1.48739e-03    -6.46756e-03    0.00000e+00    0    3.23656e+02
2960       1.25909e-06    9.41146e-05    -1.48739e-03    -6.46756e-03    0.00000e+00    0    4.67279e+02
2960       8.93551e-07    9.28086e-05    -1.48739e-03    -6.46756e-03    0.00000e+00    0    3.25841e+02
2970       1.52622e-06    9.94368e-05    -1.48739e-03    -6.46756e-03    0.00000e+00    0    4.69464e+02
2970       8.98150e-07    9.18990e-05    -1.48739e-03    -6.46756e-03    0.00000e+00    0    3.28002e+02
2980       1.21324e-06    8.28944e-05    -1.48739e-03    -6.46756e-03    0.00000e+00    0    4.71576e+02
2980       8.50483e-07    7.02211e-05    -1.48739e-03    -6.46756e-03    0.00000e+00    0    3.30133e+02
2990       1.26483e-06    5.61254e-05    -3.15438e-03    -7.31138e-03    0.00000e+00    0    4.73675e+02
2990       8.81768e-07    6.84189e-05    -2.22636e-03    -6.84446e-03    0.00000e+00    0    3.32281e+02
3000       1.41793e-06    8.98829e-05    -2.22636e-03    -6.84446e-03    0.00000e+00    0    4.75922e+02
3000       9.72350e-07    9.50950e-05    -2.22636e-03    -6.84446e-03    0.00000e+00    0    3.34521e+02
3010       1.26696e-06    9.84363e-05    -2.22636e-03    -6.84446e-03    0.00000e+00    0    4.78568e+02
3010       1.35366e-06    1.02370e-04    -2.22636e-03    -6.84446e-03    0.00000e+00    0    3.37216e+02
3020       1.43286e-06    1.01773e-04    -2.22636e-03    -6.84446e-03    0.00000e+00    0    4.80780e+02
3020       1.52326e-06    9.95215e-05    -2.22636e-03    -6.84446e-03    0.00000e+00    0    3.39339e+02
3030       1.22652e-06    8.87771e-05    -2.22636e-03    -6.84446e-03    0.00000e+00    0    4.82873e+02
3030       1.62599e-06    8.57569e-05    -2.22636e-03    -6.84446e-03    0.00000e+00    0    3.41543e+02
3040       1.26491e-06    7.57641e-05    -1.48739e-03    -6.46756e-03    0.00000e+00    0    4.85077e+02
3040       1.63961e-06    7.89250e-05    9.97984e-01    2.46540e-03    0.00000e+00    0    3.43728e+02
3050       1.44271e-06    9.54826e-05    -1.48739e-03    -6.46756e-03    0.00000e+00    0    4.87282e+02
3050       1.61895e-06    9.83303e-05    -1.48739e-03    -6.46756e-03    0.00000e+00    0    3.45803e+02
3060       1.45084e-06    1.08172e-04    -1.48739e-03    -6.46756e-03    0.00000e+00    0    4.89354e+02
3060       1.35031e-06    1.10514e-04    -1.48739e-03    -6.46756e-03    0.00000e+00    0    3.47973e+02
3070       1.44001e-06    9.29699e-05    -3.15438e-03    -7.31138e-03    0.00000e+00    0    4.91585e+02
3070       1.39205e-06    9.39742e-05    -3.15438e-03    -7.31138e-03    0.00000e+00    0    3.50219e+02
3080       1.57226e-06    8.14404e-05    9.94702e-01    4.38172e-03    0.00000e+00    0    4.93823e+02
3080       1.26612e-06    7.09395e-05    -1.48739e-03    -6.46756e-03    0.00000e+00    0    3.52466e+02
3090       1.66789e-06    8.82818e-05    9.97792e-01    1.85953e-03    0.00000e+00    0    4.96098e+02
3090       1.51267e-06    7.46586e-05    -2.22636e-03    -6.84446e-03    0.00000e+00    0    3.54584e+02
3100       1.54480e-06    7.76878e-05    -2.22636e-03    -6.84446e-03    0.00000e+00    0    4.98207e+02
3100       1.17211e-06    8.35478e-05    -2.22636e-03    -6.84446e-03    0.00000e+00    0    3.56827e+02
3110       1.32962e-06    9.95569e-05    -2.22636e-03    -6.84446e-03    0.00000e+00    0    5.00442e+02
3110       1.10551e-06    1.00685e-04    -2.22636e-03    -6.84446e-03    0.00000e+00    0    3.59011e+02
3120       1.51474e-06    1.01425e-04    -2.22636e-03    -6.84446e-03    0.00000e+00    0    5.02565e+02
3120       1.41078e-06    9.99298e-05    -2.22636e-03    -6.84446e-03    0.00000e+00    0    3.61194e+02
3130       1.14964e-06    7.89298e-05    -2.22636e-03    -6.84446e-03    0.00000e+00    0    5.04780e+02
3130       1.38909e-06    7.65223e-05    -2.22636e-03    -6.84446e-03    0.00000e+00    0    3.63372e+02
3140       1.19848e-06    7.41463e-05    -1.48739e-03    -6.46756e-03    0.00000e+00    0    5.06846e+02
3140       1.32242e-06    7.84808e-05    -1.48739e-03    -6.46756e-03    0.00000e+00    0    3.65526e+02
3150       1.08002e-06    9.32614e-05    -1.48739e-03    -6.46756e-03    0.00000e+00    0    5.09050e+02
3150       1.23522e-06    9.62321e-05    -1.48739e-03    -6.46756e-03    0.00000e+00    0    3.67672e+02
3160       1.20266e-06    1.03603e-04    -1.48739e-03    -6.46756e-03    0.00000e+00    0    5.11206e+02
3160       1.32481e-06    9.54229e-05    -1.48739e-03    -6.46756e-03    0.00000e+00    0    3.69900e+02
3170       1.17601e-06    1.15525e-04    -1.48739e-03    -6.46756e-03    0.00000e+00    0    5.13489e+02
3170       1.30837e-06    1.05579e-04    -1.48739e-03    -6.46756e-03    0.00000e+00    0    3.72171e+02
3180       1.08136e-06    9.28099e-05    -3.15438e-03    -7.31138e-03    0.00000e+00    0    5.15726e+02
3180       1.34066e-06    8.67264e-05    -1.48739e-03    -6.46756e-03    0.00000e+00    0    3.74307e+02
3190       1.24724e-06    6.62189e-05    9.95913e-01    4.11290e-03    0.00000e+00    0    5.17847e+02
3190       1.55770e-06    8.56842e-05    9.95913e-01    4.11290e-03    0.00000e+00    0    3.76580e+02
3200       1.20118e-06    8.56527e-05    -2.22636e-03    -6.84446e-03    0.00000e+00    0    5.20053e+02
3200       1.13228e-06    8.83008e-05    -2.22636e-03    -6.84446e-03    0.00000e+00    0    3.78795e+02
3210       1.44810e-06    9.28483e-05    -2.22636e-03    -6.84446e-03    0.00000e+00    0    5.22324e+02
3210       1.07478e-06    9.67260e-05    -2.22636e-03    -6.84446e-03    0.00000e+00    0    3.81260e+02
3220       1.33536e-06    1.01285e-04    -2.22636e-03    -6.84446e-03    0.00000e+00    0    5.24841e+02
3220       1.18097e-06    1.01945e-04    -2.22636e-03    -6.84446e-03    0.00000e+00    0    3.83619e+02
3230       1.10323e-06    9.17429e-05    -2.22636e-03    -6.84446e-03    0.00000e+00    0    5.27156e+02
3230       1.16692e-06    8.91920e-05    -2.22636e-03    -6.84446e-03    0.00000e+00    0    3.86026e+02
3240       1.08669e-06    6.95629e-05    -1.48739e-03    -6.46756e-03    0.00000e+00    0    5.29584e+02
3240       1.26767e-06    7.38841e-05    -1.48739e-03    -6.46756e-03    0.00000e+00    0    3.88501e+02
3250       1.56061e-06    9.02946e-05    -1.48739e-03    -6.46756e-03    0.00000e+00    0    5.32083e+02
3250       1.39437e-06    9.51630e-05    -1.48739e-03    -6.46756e-03    0.00000e+00    0    3.90680e+02
3260       1.87143e-06    1.03475e-04    -1.48739e-03    -6.46756e-03    0.00000e+00    0    5.34336e+02
3260       1.42403e-06    1.07160e-04    -1.48739e-03    -6.46756e-03    0.00000e+00    0    3.93235e+02
3270       1.83062e-06    9.19345e-05    -1.48739e-03    -6.46756e-03    0.00000e+00    0    5.36814e+02
3270       1.54581e-06    9.28050e-05    -3.15438e-03    -7.31138e-03    0.00000e+00    0    3.95699e+02
3280       1.51947e-06    8.69925e-05    -1.48739e-03    -6.46756e-03    0.00000e+00    0    5.39284e+02
3280       1.36418e-06    7.89448e-05    -1.48739e-03    -6.46756e-03    0.00000e+00    0    3.97991e+02
3290       1.46236e-06    6.72110e-05    -1.48739e-03    -6.46756e-03    0.00000e+00    0    5.41441e+02
3290       1.17457e-06    6.88028e-05    -2.22636e-03    -6.84446e-03    0.00000e+00    0    4.00216e+02
3300       1.23597e-06    7.37701e-05    -2.22636e-03    -6.84446e-03    0.00000e+00    0    5.43771e+02
3300       1.04832e-06    7.72462e-05    -2.22636e-03    -6.84446e-03    0.00000e+00    0    4.02599e+02
3310       1.43046e-06    9.87125e-05    -2.22636e-03    -6.84446e-03    0.00000e+00    0    5.46085e+02
3310       1.21476e-06    9.92950e-05    -2.22636e-03    -6.84446e-03    0.00000e+00    0    4.04825e+02
3320       1.37859e-06    1.05024e-04    -2.22636e-03    -6.84446e-03    0.00000e+00    0    5.48232e+02
3320       1.20483e-06    1.01610e-04    -2.22636e-03    -6.84446e-03    0.00000e+00    0    4.07207e+02
3330       1.43389e-06    9.16303e-05    -2.22636e-03    -6.84446e-03    0.00000e+00    0    5.50645e+02
3330       1.19660e-06    8.05986e-05    -2.22636e-03    -6.84446e-03    0.00000e+00    0    4.09493e+02
3340       1.44391e-06    7.63782e-05    -2.22636e-03    -6.84446e-03    0.00000e+00    0    5.52918e+02
3340       1.56972e-06    7.29625e-05    9.97316e-01    4.47933e-03    0.00000e+00    0    4.11859e+02
3350       1.33198e-06    8.48031e-05    -1.48739e-03    -6.46756e-03    0.00000e+00    0    5.55349e+02
3350       1.19955e-06    9.08672e-05    -1.48739e-03    -6.46756e-03    0.00000e+00    0    4.14402e+02
3360       1.24250e-06    1.01991e-04    -1.48739e-03    -6.46756e-03    0.00000e+00    0    5.57842e+02
3360       1.21297e-06    1.04056e-04    -1.48739e-03    -6.46756e-03    0.00000e+00    0    4.16733e+02
3370       1.42961e-06    1.14334e-04    -1.48739e-03    -6.46756e-03    0.00000e+00    0    5.60208e+02
3370       1.18063e-06    1.15890e-04    -1.48739e-03    -6.46756e-03    0.00000e+00    0    4.19159e+02
3380       1.29716e-06    9.41103e-05    -3.15438e-03    -7.31138e-03    0.00000e+00    0    5.62647e+02
3380       1.67122e-06    9.28221e-05    -3.15438e-03    -7.31138e-03    0.00000e+00    0    4.21587e+02
3390       1.49314e-06    7.48494e-05    9.95913e-01    4.11290e-03    0.00000e+00    0    5.65172e+02
3390       1.40870e-06    7.06216e-05    9.95913e-01    4.11290e-03    0.00000e+00    0    4.24065e+02
3400       1.37082e-06    8.08905e-05    -2.22636e-03    -6.84446e-03    0.00000e+00    0    5.67492e+02
