title="Wall Aircoef Data of PHengLEI"
variables="x", "y", "z", "cp", "cf", "yplus", "Q_NonDim", "Q_Dim(kW/m2)", "pw(Pa)"
zone T = "Zone_2_wall"
N = 144
E = 143
f = FEPOINT
ET = quadrilateral
2.3933799565e-01    -5.4721269757e-02   0.0000000000e+00    -8.9149329829e-02   3.5810935509e-03    5.9986744058e-01    0.0000000000e+00    0.0000000000e+00    3.7440066536e+04    
2.2950139642e-01    -5.3979448974e-02   0.0000000000e+00    -8.1182881158e-02   3.5679074218e-03    5.9964219893e-01    0.0000000000e+00    0.0000000000e+00    3.7555155417e+04    
2.1988210082e-01    -5.3210239857e-02   0.0000000000e+00    -6.6169691290e-02   3.5461411175e-03    5.9933118262e-01    0.0000000000e+00    0.0000000000e+00    3.7772046443e+04    
2.1048159897e-01    -5.2415300161e-02   0.0000000000e+00    -5.2333068289e-02   3.5353990181e-03    5.9957959882e-01    0.0000000000e+00    0.0000000000e+00    3.7971939962e+04    
2.0130489767e-01    -5.1592089236e-02   0.0000000000e+00    -3.7595603580e-02   3.5295263845e-03    6.0035417166e-01    0.0000000000e+00    0.0000000000e+00    3.8184847669e+04    
1.9235409796e-01    -5.0735559314e-02   0.0000000000e+00    -2.1102857535e-02   3.5131965322e-03    6.0073719227e-01    0.0000000000e+00    0.0000000000e+00    3.8423113397e+04    
1.8362879753e-01    -4.9855418503e-02   0.0000000000e+00    -5.3236936570e-03   3.4880643170e-03    6.0033601045e-01    0.0000000000e+00    0.0000000000e+00    3.8651070218e+04    
1.7513130605e-01    -4.8961210996e-02   0.0000000000e+00    9.3587879573e-03    3.4682931924e-03    5.9998526658e-01    0.0000000000e+00    0.0000000000e+00    3.8863183602e+04    
1.6686040163e-01    -4.8049710691e-02   0.0000000000e+00    2.3739351529e-02    3.4548832677e-03    6.0003387411e-01    0.0000000000e+00    0.0000000000e+00    3.9070935266e+04    
1.5881760418e-01    -4.7123130411e-02   0.0000000000e+00    3.7590683288e-02    3.4450127006e-03    6.0027469017e-01    0.0000000000e+00    0.0000000000e+00    3.9271041279e+04    
1.5100049973e-01    -4.6180389822e-02   0.0000000000e+00    5.1488285122e-02    3.4408803566e-03    6.0090346797e-01    0.0000000000e+00    0.0000000000e+00    3.9471815741e+04    
1.4341180027e-01    -4.5219179243e-02   0.0000000000e+00    6.6733234300e-02    3.4355358167e-03    6.0165421479e-01    0.0000000000e+00    0.0000000000e+00    3.9692054923e+04    
1.3604809344e-01    -4.4237729162e-02   0.0000000000e+00    8.3115351889e-02    3.4207338587e-03    6.0188752733e-01    0.0000000000e+00    0.0000000000e+00    3.9928722435e+04    
1.2890879810e-01    -4.3243300170e-02   0.0000000000e+00    9.9314282099e-02    3.4017462361e-03    6.0165607992e-01    0.0000000000e+00    0.0000000000e+00    4.0162743494e+04    
1.2198860198e-01    -4.2237889022e-02   0.0000000000e+00    1.1548814903e-01    3.3856523067e-03    6.0145982244e-01    0.0000000000e+00    0.0000000000e+00    4.0396402471e+04    
1.1528909951e-01    -4.1220851243e-02   0.0000000000e+00    1.3208385972e-01    3.3717314523e-03    6.0143314327e-01    0.0000000000e+00    0.0000000000e+00    4.0636155698e+04    
1.0880579799e-01    -4.0192000568e-02   0.0000000000e+00    1.4947100134e-01    3.3556589311e-03    6.0131553307e-01    0.0000000000e+00    0.0000000000e+00    4.0887342489e+04    
1.0253469646e-01    -3.9151281118e-02   0.0000000000e+00    1.6747684140e-01    3.3355606981e-03    6.0090220902e-01    0.0000000000e+00    0.0000000000e+00    4.1147467429e+04    
9.6475712955e-02    -3.8101881742e-02   0.0000000000e+00    1.8592164888e-01    3.3132277053e-03    6.0024270033e-01    0.0000000000e+00    0.0000000000e+00    4.1413934000e+04    
9.0623162687e-02    -3.7043280900e-02   0.0000000000e+00    2.0495309597e-01    3.2899892443e-03    5.9944594534e-01    0.0000000000e+00    0.0000000000e+00    4.1688875575e+04    
8.4973827004e-02    -3.5976190120e-02   0.0000000000e+00    2.2488084060e-01    3.2662303071e-03    5.9863519946e-01    0.0000000000e+00    0.0000000000e+00    4.1976765692e+04    
7.9524457455e-02    -3.4899748862e-02   0.0000000000e+00    2.4654387635e-01    3.2346134751e-03    5.9740973436e-01    0.0000000000e+00    0.0000000000e+00    4.2289725035e+04    
7.4270896614e-02    -3.3815819770e-02   0.0000000000e+00    2.6895897497e-01    3.1872432100e-03    5.9493282442e-01    0.0000000000e+00    0.0000000000e+00    4.2613549204e+04    
6.9208003581e-02    -3.2732330263e-02   0.0000000000e+00    2.8978501739e-01    3.1375422383e-03    5.9165104371e-01    0.0000000000e+00    0.0000000000e+00    4.2914416758e+04    
6.4330860972e-02    -3.1650990248e-02   0.0000000000e+00    3.0982240619e-01    3.1046254942e-03    5.8921069089e-01    0.0000000000e+00    0.0000000000e+00    4.3203890870e+04    
5.9636820108e-02    -3.0562480912e-02   0.0000000000e+00    3.3164919405e-01    3.0786001811e-03    5.8753806224e-01    0.0000000000e+00    0.0000000000e+00    4.3519215891e+04    
5.5125031620e-02    -2.9462620616e-02   0.0000000000e+00    3.5535170049e-01    3.0425325491e-03    5.8531034524e-01    0.0000000000e+00    0.0000000000e+00    4.3861638853e+04    
5.0789829344e-02    -2.8352620080e-02   0.0000000000e+00    3.8054750548e-01    2.9994747134e-03    5.8244045555e-01    0.0000000000e+00    0.0000000000e+00    4.4225635048e+04    
4.6628009528e-02    -2.7230890468e-02   0.0000000000e+00    4.0801890358e-01    2.9503769558e-03    5.7909230368e-01    0.0000000000e+00    0.0000000000e+00    4.4622506050e+04    
4.2635541409e-02    -2.6095900685e-02   0.0000000000e+00    4.3792117797e-01    2.8838452286e-03    5.7439012118e-01    0.0000000000e+00    0.0000000000e+00    4.5054495190e+04    
3.8806911558e-02    -2.4950230494e-02   0.0000000000e+00    4.6872066075e-01    2.7982672419e-03    5.6764526884e-01    0.0000000000e+00    0.0000000000e+00    4.5499446028e+04    
3.5139650106e-02    -2.3799559101e-02   0.0000000000e+00    4.9911490071e-01    2.7194972558e-03    5.6056108619e-01    0.0000000000e+00    0.0000000000e+00    4.5938542445e+04    
3.1627081335e-02    -2.2637989372e-02   0.0000000000e+00    5.3154644957e-01    2.6635932018e-03    5.5518480223e-01    0.0000000000e+00    0.0000000000e+00    4.6407071250e+04    
2.8276879340e-02    -2.1454699337e-02   0.0000000000e+00    5.6871446117e-01    2.6071176986e-03    5.5046688838e-01    0.0000000000e+00    0.0000000000e+00    4.6944026303e+04    
2.5078110397e-02    -2.0243270323e-02   0.0000000000e+00    6.1020205596e-01    2.5211873810e-03    5.4367542889e-01    0.0000000000e+00    0.0000000000e+00    4.7543385071e+04    
2.2033149377e-02    -1.9011320546e-02   0.0000000000e+00    6.5304422027e-01    2.4145907108e-03    5.3425603630e-01    0.0000000000e+00    0.0000000000e+00    4.8162312897e+04    
1.9133469090e-02    -1.7765799537e-02   0.0000000000e+00    6.9570957309e-01    2.3383155703e-03    5.2599716872e-01    0.0000000000e+00    0.0000000000e+00    4.8778686381e+04    
1.6378020868e-02    -1.6494410113e-02   0.0000000000e+00    7.4273839699e-01    2.2899615490e-03    5.1983331285e-01    0.0000000000e+00    0.0000000000e+00    4.9458097615e+04    
1.3786099851e-02    -1.5177680179e-02   0.0000000000e+00    7.9331420616e-01    2.2360392446e-03    5.1317174874e-01    0.0000000000e+00    0.0000000000e+00    5.0188751076e+04    
1.1342490092e-02    -1.3808799908e-02   0.0000000000e+00    8.4906146589e-01    2.1601734966e-03    5.0317791807e-01    0.0000000000e+00    0.0000000000e+00    5.0994114923e+04    
9.0823313221e-03    -1.2378370389e-02   0.0000000000e+00    9.1233489526e-01    1.9506694648e-03    4.7713637878e-01    0.0000000000e+00    0.0000000000e+00    5.1908207073e+04    
6.9914781488e-03    -1.0865660384e-02   0.0000000000e+00    9.6622416004e-01    1.6162637851e-03    4.3547008087e-01    0.0000000000e+00    0.0000000000e+00    5.2686729027e+04    
5.0912718289e-03    -9.2936055735e-03   0.0000000000e+00    1.0242342552e+00    1.2742073249e-03    3.8092481704e-01    0.0000000000e+00    0.0000000000e+00    5.3524783376e+04    
3.3291080035e-03    -7.6685459353e-03   0.0000000000e+00    1.1160162307e+00    7.7074631931e-04    2.7930600139e-01    0.0000000000e+00    0.0000000000e+00    5.4850729893e+04    
1.9473549910e-03    -5.9082647786e-03   0.0000000000e+00    1.1909485716e+00    -2.8290204671e-04   2.6109346553e-01    0.0000000000e+00    0.0000000000e+00    5.5933254820e+04    
8.8227621745e-04    -3.9692618884e-03   0.0000000000e+00    1.1524303438e+00    -1.8831555746e-03   4.0488199479e-01    0.0000000000e+00    0.0000000000e+00    5.5376793602e+04    
2.8197179199e-04    -1.9892300479e-03   0.0000000000e+00    9.5833029547e-01    -4.1168218100e-03   5.8642601709e-01    0.0000000000e+00    0.0000000000e+00    5.2572688747e+04    
0.0000000000e+00    0.0000000000e+00    0.0000000000e+00    6.6180604204e-01    8.4700673951e-04    7.0626134397e-01    0.0000000000e+00    0.0000000000e+00    4.8288892294e+04    
2.7052749647e-04    1.9948659465e-03    0.0000000000e+00    3.6828095383e-01    8.0582199489e-03    7.7078034708e-01    0.0000000000e+00    0.0000000000e+00    4.4048423876e+04    
8.7229412748e-04    3.9663137868e-03    0.0000000000e+00    4.8660050880e-03    9.1300104731e-03    7.8625266591e-01    0.0000000000e+00    0.0000000000e+00    3.8798277723e+04    
2.0085810684e-03    5.8666002005e-03    0.0000000000e+00    -3.3074964986e-01   8.6372997164e-03    7.4135458327e-01    0.0000000000e+00    0.0000000000e+00    3.3949739582e+04    
3.4307360183e-03    7.6106837951e-03    0.0000000000e+00    -5.2539260835e-01   7.5475502674e-03    6.9549213274e-01    0.0000000000e+00    0.0000000000e+00    3.1137791468e+04    
5.1776771434e-03    9.2442389578e-03    0.0000000000e+00    -6.3512011399e-01   7.0265533372e-03    6.7934593868e-01    0.0000000000e+00    0.0000000000e+00    2.9552591290e+04    
7.0643560030e-03    1.0835779831e-02    0.0000000000e+00    -7.1328251954e-01   7.2176341799e-03    6.8329027723e-01    0.0000000000e+00    0.0000000000e+00    2.8423402592e+04    
9.1390507296e-03    1.2370579876e-02    0.0000000000e+00    -8.7653665616e-01   7.4993913883e-03    6.7274173288e-01    0.0000000000e+00    0.0000000000e+00    2.6064919320e+04    
1.1391920038e-02    1.3815159909e-02    0.0000000000e+00    -1.0066917083e+00   7.2467837481e-03    6.4436654865e-01    0.0000000000e+00    0.0000000000e+00    2.4184608538e+04    
1.3833940029e-02    1.5192589723e-02    0.0000000000e+00    -1.0899998180e+00   6.8740034243e-03    6.1804303770e-01    0.0000000000e+00    0.0000000000e+00    2.2981081405e+04    
1.6428489238e-02    1.6505489126e-02    0.0000000000e+00    -1.1498242328e+00   6.6259218293e-03    6.0012897377e-01    0.0000000000e+00    0.0000000000e+00    2.2116816127e+04    
1.9192120060e-02    1.7763810232e-02    0.0000000000e+00    -1.1914689769e+00   6.3865893463e-03    5.8572880895e-01    0.0000000000e+00    0.0000000000e+00    2.1515187070e+04    
2.2104740143e-02    1.8984129652e-02    0.0000000000e+00    -1.2131628538e+00   6.2006191264e-03    5.7601197631e-01    0.0000000000e+00    0.0000000000e+00    2.1201782174e+04    
2.5168780237e-02    2.0173849538e-02    0.0000000000e+00    -1.2295962058e+00   6.0839983053e-03    5.6955127594e-01    0.0000000000e+00    0.0000000000e+00    2.0964374494e+04    
2.8387179598e-02    2.1336920559e-02    0.0000000000e+00    -1.2408980228e+00   5.9497112580e-03    5.6304209707e-01    0.0000000000e+00    0.0000000000e+00    2.0801100553e+04    
3.1755119562e-02    2.2479619831e-02    0.0000000000e+00    -1.2475857030e+00   5.8300629571e-03    5.5794704606e-01    0.0000000000e+00    0.0000000000e+00    2.0704485654e+04    
3.5281930119e-02    2.3603240028e-02    0.0000000000e+00    -1.2465664070e+00   5.7132981791e-03    5.5413929123e-01    0.0000000000e+00    0.0000000000e+00    2.0719211116e+04    
3.8962941617e-02    2.4719439447e-02    0.0000000000e+00    -1.2375888544e+00   5.5968397128e-03    5.5105665119e-01    0.0000000000e+00    0.0000000000e+00    2.0848907111e+04    
4.2803410441e-02    2.5831269100e-02    0.0000000000e+00    -1.2302173481e+00   5.5206884384e-03    5.4933057632e-01    0.0000000000e+00    0.0000000000e+00    2.0955401040e+04    
4.6807609499e-02    2.6937330142e-02    0.0000000000e+00    -1.2249383547e+00   5.4523439270e-03    5.4766460757e-01    0.0000000000e+00    0.0000000000e+00    2.1031665064e+04    
5.0977729261e-02    2.8038360178e-02    0.0000000000e+00    -1.2200827335e+00   5.3802621362e-03    5.4580527769e-01    0.0000000000e+00    0.0000000000e+00    2.1101812760e+04    
5.5320359766e-02    2.9134830460e-02    0.0000000000e+00    -1.2146168013e+00   5.3020601789e-03    5.4375507957e-01    0.0000000000e+00    0.0000000000e+00    2.1180777434e+04    
5.9836901724e-02    3.0230350792e-02    0.0000000000e+00    -1.2077999748e+00   5.2335038040e-03    5.4219668104e-01    0.0000000000e+00    0.0000000000e+00    2.1279258070e+04    
6.4531832933e-02    3.1326361001e-02    0.0000000000e+00    -1.2019576671e+00   5.1766503298e-03    5.4088617764e-01    0.0000000000e+00    0.0000000000e+00    2.1363660126e+04    
6.9410063326e-02    3.2421600074e-02    0.0000000000e+00    -1.1966207970e+00   5.1149956561e-03    5.3922594233e-01    0.0000000000e+00    0.0000000000e+00    2.1440760279e+04    
7.4474528432e-02    3.3515989780e-02    0.0000000000e+00    -1.1908698657e+00   5.0595396214e-03    5.3783793144e-01    0.0000000000e+00    0.0000000000e+00    2.1523842249e+04    
7.9730696976e-02    3.4609779716e-02    0.0000000000e+00    -1.1862156646e+00   5.0136918886e-03    5.3665516154e-01    0.0000000000e+00    0.0000000000e+00    2.1591080089e+04    
8.5181839764e-02    3.5699058324e-02    0.0000000000e+00    -1.1822986722e+00   4.9658117070e-03    5.3527971055e-01    0.0000000000e+00    0.0000000000e+00    2.1647667697e+04    
9.0832866728e-02    3.6783769727e-02    0.0000000000e+00    -1.1784438396e+00   4.9235174479e-03    5.3415660465e-01    0.0000000000e+00    0.0000000000e+00    2.1703357301e+04    
9.6687227488e-02    3.7862788886e-02    0.0000000000e+00    -1.1757226818e+00   4.8874577369e-03    5.3314569434e-01    0.0000000000e+00    0.0000000000e+00    2.1742669047e+04    
1.0274849832e-01    3.8933560252e-02    0.0000000000e+00    -1.1734080305e+00   4.8459946150e-03    5.3184771208e-01    0.0000000000e+00    0.0000000000e+00    2.1776108116e+04    
1.0902050138e-01    3.9996888489e-02    0.0000000000e+00    -1.1707211554e+00   4.7984966915e-03    5.3043911577e-01    0.0000000000e+00    0.0000000000e+00    2.1814924590e+04    
1.1550530046e-01    4.1054580361e-02    0.0000000000e+00    -1.1682711417e+00   4.7784999175e-03    5.3028725242e-01    0.0000000000e+00    0.0000000000e+00    2.1850319199e+04    
1.2220620364e-01    4.2108111084e-02    0.0000000000e+00    -1.1674643973e+00   4.7588650908e-03    5.2958243548e-01    0.0000000000e+00    0.0000000000e+00    2.1861973993e+04    
1.2912610173e-01    4.3152000755e-02    0.0000000000e+00    -1.1680084216e+00   4.7293358920e-03    5.2816405339e-01    0.0000000000e+00    0.0000000000e+00    2.1854114638e+04    
1.3626739383e-01    4.4185589999e-02    0.0000000000e+00    -1.1696528110e+00   4.7245293244e-03    5.2773361109e-01    0.0000000000e+00    0.0000000000e+00    2.1830358640e+04    
1.4363320172e-01    4.5205108821e-02    0.0000000000e+00    -1.1750827330e+00   4.7135868573e-03    5.2639304238e-01    0.0000000000e+00    0.0000000000e+00    2.1751914194e+04    
1.5122550726e-01    4.6196319163e-02    0.0000000000e+00    -1.1807693253e+00   4.6915896985e-03    5.2488430276e-01    0.0000000000e+00    0.0000000000e+00    2.1669761710e+04    
1.5904650092e-01    4.7162979841e-02    0.0000000000e+00    -1.1812678390e+00   4.6448194473e-03    5.2289226658e-01    0.0000000000e+00    0.0000000000e+00    2.1662559832e+04    
1.6709449887e-01    4.8116270453e-02    0.0000000000e+00    -1.1790165702e+00   4.5863019338e-03    5.2043424861e-01    0.0000000000e+00    0.0000000000e+00    2.1695083235e+04    
1.7537030578e-01    4.9056578428e-02    0.0000000000e+00    -1.1765567406e+00   4.5416151110e-03    5.1872147371e-01    0.0000000000e+00    0.0000000000e+00    2.1730619651e+04    
1.8387320638e-01    4.9985390157e-02    0.0000000000e+00    -1.1737309310e+00   4.5035818666e-03    5.1737059122e-01    0.0000000000e+00    0.0000000000e+00    2.1771443270e+04    
1.9260300696e-01    5.0904721022e-02    0.0000000000e+00    -1.1713277693e+00   4.4734459047e-03    5.1626919452e-01    0.0000000000e+00    0.0000000000e+00    2.1806161022e+04    
2.0155860484e-01    5.1811449230e-02    0.0000000000e+00    -1.1695242414e+00   4.4448210627e-03    5.1513176776e-01    0.0000000000e+00    0.0000000000e+00    2.1832216045e+04    
2.1073859930e-01    5.2704360336e-02    0.0000000000e+00    -1.1677916860e+00   4.4115148949e-03    5.1381747196e-01    0.0000000000e+00    0.0000000000e+00    2.1857245751e+04    
2.2014109790e-01    5.3582120687e-02    0.0000000000e+00    -1.1655992727e+00   4.3989846787e-03    5.1363031385e-01    0.0000000000e+00    0.0000000000e+00    2.1888918884e+04    
2.2976310551e-01    5.4446209222e-02    0.0000000000e+00    -1.1649348391e+00   4.4097786459e-03    5.1400563653e-01    0.0000000000e+00    0.0000000000e+00    2.1898517757e+04    
2.3960199952e-01    5.5289030075e-02    0.0000000000e+00    -1.1713407492e+00   4.4137971680e-03    5.1298069776e-01    0.0000000000e+00    0.0000000000e+00    2.1805973506e+04    
2.4965590239e-01    5.6081119925e-02    0.0000000000e+00    -1.1803924310e+00   4.4161299837e-03    5.1188495751e-01    0.0000000000e+00    0.0000000000e+00    2.1675206589e+04    
2.5992009044e-01    5.6830059737e-02    0.0000000000e+00    -1.1886182874e+00   4.4186049389e-03    5.1098472115e-01    0.0000000000e+00    0.0000000000e+00    2.1556370122e+04    
2.7038869262e-01    5.7527970523e-02    0.0000000000e+00    -1.1967752910e+00   4.4059896864e-03    5.0940611097e-01    0.0000000000e+00    0.0000000000e+00    2.1438528352e+04    
2.8105619550e-01    5.8180879802e-02    0.0000000000e+00    -1.2010342820e+00   4.3745512884e-03    5.0742155178e-01    0.0000000000e+00    0.0000000000e+00    2.1376999993e+04    
2.9191461205e-01    5.8799281716e-02    0.0000000000e+00    -1.2024607692e+00   4.3426423948e-03    5.0559068954e-01    0.0000000000e+00    0.0000000000e+00    2.1356391962e+04    
3.0295699835e-01    5.9385649860e-02    0.0000000000e+00    -1.2039716331e+00   4.3155328560e-03    5.0390190090e-01    0.0000000000e+00    0.0000000000e+00    2.1334564968e+04    
3.1417548656e-01    5.9934590012e-02    0.0000000000e+00    -1.2055792756e+00   4.2973375955e-03    5.0264246787e-01    0.0000000000e+00    0.0000000000e+00    2.1311339841e+04    
3.2556200027e-01    6.0449808836e-02    0.0000000000e+00    -1.2082282281e+00   4.2823426673e-03    5.0138480441e-01    0.0000000000e+00    0.0000000000e+00    2.1273071223e+04    
3.3710750937e-01    6.0919821262e-02    0.0000000000e+00    -1.2117462564e+00   4.2701091603e-03    5.0014843329e-01    0.0000000000e+00    0.0000000000e+00    2.1222247329e+04    
3.4880229831e-01    6.1350438744e-02    0.0000000000e+00    -1.2165063405e+00   4.2630568894e-03    4.9903278279e-01    0.0000000000e+00    0.0000000000e+00    2.1153479830e+04    
3.6063650250e-01    6.1727680266e-02    0.0000000000e+00    -1.2219670155e+00   4.2604756810e-03    4.9801646145e-01    0.0000000000e+00    0.0000000000e+00    2.1074591106e+04    
3.7259930372e-01    6.2060959637e-02    0.0000000000e+00    -1.2290495881e+00   4.2607536688e-03    4.9693621134e-01    0.0000000000e+00    0.0000000000e+00    2.0972271316e+04    
3.8467940688e-01    6.2330570072e-02    0.0000000000e+00    -1.2364057704e+00   4.2521206100e-03    4.9539236823e-01    0.0000000000e+00    0.0000000000e+00    2.0865998769e+04    
3.9686539769e-01    6.2552750111e-02    0.0000000000e+00    -1.2429813708e+00   4.2387733176e-03    4.9375368596e-01    0.0000000000e+00    0.0000000000e+00    2.0771003053e+04    
4.0914449096e-01    6.2712512910e-02    0.0000000000e+00    -1.2489375117e+00   4.2421663264e-03    4.9272346422e-01    0.0000000000e+00    0.0000000000e+00    2.0684956482e+04    
4.2150458694e-01    6.2832377851e-02    0.0000000000e+00    -1.2594809151e+00   4.2422141913e-03    4.9115473944e-01    0.0000000000e+00    0.0000000000e+00    2.0532639113e+04    
4.3393218517e-01    6.2854968011e-02    0.0000000000e+00    -1.2650125245e+00   4.2123710112e-03    4.8931123332e-01    0.0000000000e+00    0.0000000000e+00    2.0452725620e+04    
4.4641470909e-01    6.2859617174e-02    0.0000000000e+00    -1.2633807126e+00   4.2084371517e-03    4.8858403445e-01    0.0000000000e+00    0.0000000000e+00    2.0476299914e+04    
4.5893821120e-01    6.2821596861e-02    0.0000000000e+00    -1.2767479362e+00   4.2245246428e-03    4.8686990712e-01    0.0000000000e+00    0.0000000000e+00    2.0283187668e+04    
4.7148919106e-01    6.2665402889e-02    0.0000000000e+00    -1.2879628471e+00   4.2176880499e-03    4.8524769111e-01    0.0000000000e+00    0.0000000000e+00    2.0121169231e+04    
4.8405379057e-01    6.2470808625e-02    0.0000000000e+00    -1.2928461107e+00   4.1953691383e-03    4.8327586147e-01    0.0000000000e+00    0.0000000000e+00    2.0050622196e+04    
4.9661830068e-01    6.2201518565e-02    0.0000000000e+00    -1.3014464498e+00   4.1768297479e-03    4.8063984746e-01    0.0000000000e+00    0.0000000000e+00    1.9926375690e+04    
5.0916802883e-01    6.1865281314e-02    0.0000000000e+00    -1.3103281818e+00   4.1598314237e-03    4.7839701731e-01    0.0000000000e+00    0.0000000000e+00    1.9798063987e+04    
5.2168989182e-01    6.1445109546e-02    0.0000000000e+00    -1.3148890313e+00   4.0515430400e-03    4.7224469112e-01    0.0000000000e+00    0.0000000000e+00    1.9732174770e+04    
5.3416931629e-01    6.0966908932e-02    0.0000000000e+00    -1.2974028680e+00   3.5741211399e-03    4.4678410275e-01    0.0000000000e+00    0.0000000000e+00    1.9984792097e+04    
5.4659360647e-01    6.0415178537e-02    0.0000000000e+00    -1.1946506344e+00   2.3255306874e-03    3.6407357662e-01    0.0000000000e+00    0.0000000000e+00    2.1469222625e+04    
5.5894792080e-01    5.9786960483e-02    0.0000000000e+00    -9.7276263317e-01   7.3668808070e-04    1.6765865739e-01    0.0000000000e+00    0.0000000000e+00    2.4674771653e+04    
5.7121980190e-01    5.9079241008e-02    0.0000000000e+00    -7.4791693514e-01   2.9645391898e-05    4.5664333711e-02    0.0000000000e+00    0.0000000000e+00    2.7923049636e+04    
5.8339679241e-01    5.8311309665e-02    0.0000000000e+00    -6.2721213970e-01   9.2092871363e-05    8.1637636729e-02    0.0000000000e+00    0.0000000000e+00    2.9666835409e+04    
5.9546649456e-01    5.7478521019e-02    0.0000000000e+00    -5.6519724574e-01   1.9915220589e-04    1.2548726351e-01    0.0000000000e+00    0.0000000000e+00    3.0562745878e+04    
6.0741782188e-01    5.6593939662e-02    0.0000000000e+00    -5.1679078403e-01   3.2968524143e-04    1.6417364785e-01    0.0000000000e+00    0.0000000000e+00    3.1262059430e+04    
6.1923927069e-01    5.5654820055e-02    0.0000000000e+00    -4.8334359228e-01   4.6117916975e-04    1.9666706214e-01    0.0000000000e+00    0.0000000000e+00    3.1745260921e+04    
6.3091981411e-01    5.4669391364e-02    0.0000000000e+00    -4.5590051444e-01   5.7670683844e-04    2.2170279075e-01    0.0000000000e+00    0.0000000000e+00    3.2141722789e+04    
6.4244997501e-01    5.3637549281e-02    0.0000000000e+00    -4.3300045398e-01   6.8444315650e-04    2.4306122073e-01    0.0000000000e+00    0.0000000000e+00    3.2472553056e+04    
6.5382081270e-01    5.2574850619e-02    0.0000000000e+00    -4.1294786771e-01   7.7897498028e-04    2.6041310768e-01    0.0000000000e+00    0.0000000000e+00    3.2762246721e+04    
6.6502237320e-01    5.1472291350e-02    0.0000000000e+00    -3.9538134792e-01   8.4541704073e-04    2.7221825851e-01    0.0000000000e+00    0.0000000000e+00    3.3016024935e+04    
6.7604160309e-01    5.0297681242e-02    0.0000000000e+00    -3.7762213620e-01   8.7400082416e-04    2.7857477064e-01    0.0000000000e+00    0.0000000000e+00    3.3272586910e+04    
6.8687409163e-01    4.9069490284e-02    0.0000000000e+00    -3.5729192659e-01   8.9962144027e-04    2.8504747810e-01    0.0000000000e+00    0.0000000000e+00    3.3566291316e+04    
6.9752418995e-01    4.7900389880e-02    0.0000000000e+00    -3.3922821859e-01   9.5936635363e-04    2.9520405051e-01    0.0000000000e+00    0.0000000000e+00    3.3827252257e+04    
7.0798307657e-01    4.6775300056e-02    0.0000000000e+00    -3.2765434211e-01   1.0164869042e-03    3.0330713290e-01    0.0000000000e+00    0.0000000000e+00    3.3994456560e+04    
7.1823310852e-01    4.5586489141e-02    0.0000000000e+00    -3.1634412774e-01   1.0194146421e-03    3.0444984374e-01    0.0000000000e+00    0.0000000000e+00    3.4157851816e+04    
7.2826772928e-01    4.4320080429e-02    0.0000000000e+00    -2.9939422515e-01   9.9709020250e-04    3.0360088602e-01    0.0000000000e+00    0.0000000000e+00    3.4402721946e+04    
7.3809492588e-01    4.3084651232e-02    0.0000000000e+00    -2.8154493539e-01   1.0080827770e-03    3.0696369215e-01    0.0000000000e+00    0.0000000000e+00    3.4660585252e+04    
7.4771457911e-01    4.1914749891e-02    0.0000000000e+00    -2.6888452147e-01   1.0406759546e-03    3.1176208322e-01    0.0000000000e+00    0.0000000000e+00    3.4843486433e+04    
7.5711488724e-01    4.0741629899e-02    0.0000000000e+00    -2.5856249614e-01   1.0477464438e-03    3.1279650480e-01    0.0000000000e+00    0.0000000000e+00    3.4992605620e+04    
7.6628851891e-01    3.9525300264e-02    0.0000000000e+00    -2.4563118735e-01   1.0259035444e-03    3.1072642119e-01    0.0000000000e+00    0.0000000000e+00    3.5179420337e+04    
7.7523690462e-01    3.8299970329e-02    0.0000000000e+00    -2.3062260642e-01   1.0041771257e-03    3.0890187047e-01    0.0000000000e+00    0.0000000000e+00    3.5396244779e+04    
7.8396350145e-01    3.7095699459e-02    0.0000000000e+00    -2.1658196852e-01   9.9213396596e-04    3.0796086725e-01    0.0000000000e+00    0.0000000000e+00    3.5599085640e+04    
7.9246497154e-01    3.5905450583e-02    0.0000000000e+00    -2.1016595654e-01   9.8708589399e-04    3.0749261417e-01    0.0000000000e+00    0.0000000000e+00    3.5691775830e+04    
1  2  1  1  
2  3  2  2  
3  4  3  3  
4  5  4  4  
5  6  5  5  
6  7  6  6  
7  8  7  7  
8  9  8  8  
9  10  9  9  
10  11  10  10  
11  12  11  11  
12  13  12  12  
13  14  13  13  
14  15  14  14  
15  16  15  15  
16  17  16  16  
17  18  17  17  
18  19  18  18  
19  20  19  19  
20  21  20  20  
21  22  21  21  
22  23  22  22  
23  24  23  23  
24  25  24  24  
25  26  25  25  
26  27  26  26  
27  28  27  27  
28  29  28  28  
29  30  29  29  
30  31  30  30  
31  32  31  31  
32  33  32  32  
33  34  33  33  
34  35  34  34  
35  36  35  35  
36  37  36  36  
37  38  37  37  
38  39  38  38  
39  40  39  39  
40  41  40  40  
41  42  41  41  
42  43  42  42  
43  44  43  43  
44  45  44  44  
45  46  45  45  
46  47  46  46  
47  48  47  47  
48  49  48  48  
49  50  49  49  
50  51  50  50  
51  52  51  51  
52  53  52  52  
53  54  53  53  
54  55  54  54  
55  56  55  55  
56  57  56  56  
57  58  57  57  
58  59  58  58  
59  60  59  59  
60  61  60  60  
61  62  61  61  
62  63  62  62  
63  64  63  63  
64  65  64  64  
65  66  65  65  
66  67  66  66  
67  68  67  67  
68  69  68  68  
69  70  69  69  
70  71  70  70  
71  72  71  71  
72  73  72  72  
73  74  73  73  
74  75  74  74  
75  76  75  75  
76  77  76  76  
77  78  77  77  
78  79  78  78  
79  80  79  79  
80  81  80  80  
81  82  81  81  
82  83  82  82  
83  84  83  83  
84  85  84  84  
85  86  85  85  
86  87  86  86  
87  88  87  87  
88  89  88  88  
89  90  89  89  
90  91  90  90  
91  92  91  91  
92  93  92  92  
93  94  93  93  
94  95  94  94  
95  96  95  95  
96  97  96  96  
97  98  97  97  
98  99  98  98  
99  100  99  99  
100  101  100  100  
101  102  101  101  
102  103  102  102  
103  104  103  103  
104  105  104  104  
105  106  105  105  
106  107  106  106  
107  108  107  107  
108  109  108  108  
109  110  109  109  
110  111  110  110  
111  112  111  111  
112  113  112  112  
113  114  113  113  
114  115  114  114  
115  116  115  115  
116  117  116  116  
117  118  117  117  
118  119  118  118  
119  120  119  119  
120  121  120  120  
121  122  121  121  
122  123  122  122  
123  124  123  123  
124  125  124  124  
125  126  125  125  
126  127  126  126  
127  128  127  127  
128  129  128  128  
129  130  129  129  
130  131  130  130  
131  132  131  131  
132  133  132  132  
133  134  133  133  
134  135  134  134  
135  136  135  135  
136  137  136  136  
137  138  137  137  
138  139  138  138  
139  140  139  139  
140  141  140  140  
141  142  141  141  
142  143  142  142  
143  144  143  143  
zone T = "Zone_3_wall"
N = 162
E = 161
f = FEPOINT
ET = quadrilateral
1.0000000000e+00    0.0000000000e+00    0.0000000000e+00    4.3835351684e-02    4.0287935176e-03    3.9181616929e-01    0.0000000000e+00    0.0000000000e+00    3.9361256119e+04    
9.9900031090e-01    -1.3740630038e-06   0.0000000000e+00    1.6334984060e-01    3.8285352918e-03    4.8813480752e-01    0.0000000000e+00    0.0000000000e+00    4.1087845893e+04    
9.9908882380e-01    3.9022910642e-04    0.0000000000e+00    2.5960032278e-02    3.1133809854e-03    3.8704015445e-01    0.0000000000e+00    0.0000000000e+00    3.9103016771e+04    
9.9795627594e-01    6.6346561653e-05    0.0000000000e+00    2.2086387707e-01    2.7523299285e-03    5.4849165692e-01    0.0000000000e+00    0.0000000000e+00    4.1918733831e+04    
9.9686479568e-01    1.3105300604e-04    0.0000000000e+00    2.2631041385e-01    2.4242986280e-03    5.2308826456e-01    0.0000000000e+00    0.0000000000e+00    4.1997418305e+04    
9.9572378397e-01    1.9646750297e-04    0.0000000000e+00    2.3292344365e-01    2.3055180969e-03    5.1041720268e-01    0.0000000000e+00    0.0000000000e+00    4.2092954752e+04    
9.9453121424e-01    2.6320849429e-04    0.0000000000e+00    2.4048649319e-01    2.2286517010e-03    5.0236592773e-01    0.0000000000e+00    0.0000000000e+00    4.2202215848e+04    
9.9328458309e-01    3.3114169491e-04    0.0000000000e+00    2.4758107740e-01    2.1607647024e-03    4.9533032190e-01    0.0000000000e+00    0.0000000000e+00    4.2304709166e+04    
9.9198192358e-01    4.0053890552e-04    0.0000000000e+00    2.5436478615e-01    2.0940096712e-03    4.8849463350e-01    0.0000000000e+00    0.0000000000e+00    4.2402711360e+04    
9.9062037468e-01    4.6899658628e-04    0.0000000000e+00    2.5982163558e-01    2.0306150446e-03    4.8166866232e-01    0.0000000000e+00    0.0000000000e+00    4.2481544818e+04    
9.8919790983e-01    5.3514802130e-04    0.0000000000e+00    2.6443921847e-01    1.9828214483e-03    4.7614802798e-01    0.0000000000e+00    0.0000000000e+00    4.2548253645e+04    
9.8771148920e-01    6.0049648164e-04    0.0000000000e+00    2.6890187338e-01    1.9442888239e-03    4.7166083268e-01    0.0000000000e+00    0.0000000000e+00    4.2612724275e+04    
9.8615878820e-01    6.6498422530e-04    0.0000000000e+00    2.7297819561e-01    1.9106542818e-03    4.6773412295e-01    0.0000000000e+00    0.0000000000e+00    4.2671613673e+04    
9.8453718424e-01    7.2864268441e-04    0.0000000000e+00    2.7702320373e-01    1.8831672322e-03    4.6450772277e-01    0.0000000000e+00    0.0000000000e+00    4.2730050685e+04    
9.8284369707e-01    7.9280917998e-04    0.0000000000e+00    2.8142983746e-01    1.8531503988e-03    4.6120339618e-01    0.0000000000e+00    0.0000000000e+00    4.2793711993e+04    
9.8107552528e-01    8.5642351769e-04    0.0000000000e+00    2.8577706694e-01    1.8148785089e-03    4.5701643949e-01    0.0000000000e+00    0.0000000000e+00    4.2856515106e+04    
9.7922939062e-01    9.1717252508e-04    0.0000000000e+00    2.8931455284e-01    1.7782454942e-03    4.5268902869e-01    0.0000000000e+00    0.0000000000e+00    4.2907620098e+04    
9.7730237246e-01    9.7360322252e-04    0.0000000000e+00    2.9261331604e-01    1.7507148017e-03    4.4921286550e-01    0.0000000000e+00    0.0000000000e+00    4.2955276335e+04    
9.7529131174e-01    1.0287270416e-03    0.0000000000e+00    2.9630167724e-01    1.7218101400e-03    4.4582452102e-01    0.0000000000e+00    0.0000000000e+00    4.3008560977e+04    
9.7319269180e-01    1.0805439670e-03    0.0000000000e+00    2.9956197718e-01    1.6879760758e-03    4.4179586565e-01    0.0000000000e+00    0.0000000000e+00    4.3055661547e+04    
9.7100341320e-01    1.1258149752e-03    0.0000000000e+00    3.0213953019e-01    1.6699461217e-03    4.3928567115e-01    0.0000000000e+00    0.0000000000e+00    4.3092898678e+04    
9.6871972084e-01    1.1677310104e-03    0.0000000000e+00    3.0633616444e-01    1.6555749805e-03    4.3752748597e-01    0.0000000000e+00    0.0000000000e+00    4.3153526187e+04    
9.6633821726e-01    1.2097429717e-03    0.0000000000e+00    3.1179720447e-01    1.6291591319e-03    4.3523037785e-01    0.0000000000e+00    0.0000000000e+00    4.3232420185e+04    
9.6385508776e-01    1.2412529904e-03    0.0000000000e+00    3.1353643217e-01    1.6000958012e-03    4.3208720977e-01    0.0000000000e+00    0.0000000000e+00    4.3257546283e+04    
9.6126681566e-01    1.2499999721e-03    0.0000000000e+00    3.1283835667e-01    1.5823895565e-03    4.2881836884e-01    0.0000000000e+00    0.0000000000e+00    4.3247461397e+04    
9.5856928825e-01    1.2499999721e-03    0.0000000000e+00    3.1360616037e-01    1.5730337697e-03    4.2651733756e-01    0.0000000000e+00    0.0000000000e+00    4.3258553626e+04    
9.5575881004e-01    1.2499999721e-03    0.0000000000e+00    3.1604988773e-01    1.5569196316e-03    4.2437323963e-01    0.0000000000e+00    0.0000000000e+00    4.3293857418e+04    
9.5283120871e-01    1.2499999721e-03    0.0000000000e+00    3.1999427462e-01    1.5362276368e-03    4.2253924493e-01    0.0000000000e+00    0.0000000000e+00    4.3350840785e+04    
9.4978260994e-01    1.2428699993e-03    0.0000000000e+00    3.2271110993e-01    1.5000715176e-03    4.1848622355e-01    0.0000000000e+00    0.0000000000e+00    4.3390090086e+04    
9.4660872221e-01    1.2127209920e-03    0.0000000000e+00    3.2339349345e-01    1.4760363562e-03    4.1497144132e-01    0.0000000000e+00    0.0000000000e+00    4.3399948275e+04    
9.4330531359e-01    1.1662179604e-03    0.0000000000e+00    3.2525569866e-01    1.4660587414e-03    4.1334678934e-01    0.0000000000e+00    0.0000000000e+00    4.3426850991e+04    
9.3986850977e-01    1.1117029935e-03    0.0000000000e+00    3.2718099351e-01    1.4385062799e-03    4.1004134023e-01    0.0000000000e+00    0.0000000000e+00    4.3454665146e+04    
9.3629372120e-01    1.0324670002e-03    0.0000000000e+00    3.2709369185e-01    1.4101467142e-03    4.0615176706e-01    0.0000000000e+00    0.0000000000e+00    4.3453403925e+04    
9.3257659674e-01    9.2720048269e-04    0.0000000000e+00    3.2699162649e-01    1.3925340756e-03    4.0322554359e-01    0.0000000000e+00    0.0000000000e+00    4.3451929417e+04    
9.2871302366e-01    8.0525991507e-04    0.0000000000e+00    3.2750500912e-01    1.3865779173e-03    4.0241706170e-01    0.0000000000e+00    0.0000000000e+00    4.3459346101e+04    
9.2469859123e-01    6.6113547655e-04    0.0000000000e+00    3.2710597781e-01    1.3755647867e-03    4.0094499726e-01    0.0000000000e+00    0.0000000000e+00    4.3453581416e+04    
9.2052882910e-01    4.8754390446e-04    0.0000000000e+00    3.2599466582e-01    1.3610972204e-03    3.9854755465e-01    0.0000000000e+00    0.0000000000e+00    4.3437526627e+04    
9.1619938612e-01    2.9135021032e-04    0.0000000000e+00    3.2528384803e-01    1.3576737465e-03    3.9788970054e-01    0.0000000000e+00    0.0000000000e+00    4.3427257657e+04    
9.1170579195e-01    7.2574446676e-05    0.0000000000e+00    3.2426579052e-01    1.3492999256e-03    3.9673255854e-01    0.0000000000e+00    0.0000000000e+00    4.3412550087e+04    
9.0704369545e-01    -1.7671330716e-04   0.0000000000e+00    3.2273124477e-01    1.3407108341e-03    3.9537014329e-01    0.0000000000e+00    0.0000000000e+00    4.3390380968e+04    
9.0220892429e-01    -4.5400261297e-04   0.0000000000e+00    3.2124761744e-01    1.3360664246e-03    3.9460826549e-01    0.0000000000e+00    0.0000000000e+00    4.3368947451e+04    
8.9719730616e-01    -7.6174631249e-04   0.0000000000e+00    3.1920665307e-01    1.3310875388e-03    3.9380484754e-01    0.0000000000e+00    0.0000000000e+00    4.3339462254e+04    
8.9200448990e-01    -1.1057599913e-03   0.0000000000e+00    3.1667660813e-01    1.3299461137e-03    3.9336953785e-01    0.0000000000e+00    0.0000000000e+00    4.3302911458e+04    
8.8662648201e-01    -1.4816899784e-03   0.0000000000e+00    3.1420622323e-01    1.3311371595e-03    3.9334571092e-01    0.0000000000e+00    0.0000000000e+00    4.3267222553e+04    
8.8105952740e-01    -1.8912849482e-03   0.0000000000e+00    3.1133548301e-01    1.3315702567e-03    3.9328070884e-01    0.0000000000e+00    0.0000000000e+00    4.3225749835e+04    
8.7529927492e-01    -2.3394608870e-03   0.0000000000e+00    3.0817872489e-01    1.3336346931e-03    3.9338873437e-01    0.0000000000e+00    0.0000000000e+00    4.3180145102e+04    
8.6934250593e-01    -2.8241539840e-03   0.0000000000e+00    3.0478604130e-01    1.3360176983e-03    3.9355928619e-01    0.0000000000e+00    0.0000000000e+00    4.3131132026e+04    
8.6318582296e-01    -3.3510280773e-03   0.0000000000e+00    3.0071493217e-01    1.3406868951e-03    3.9393144187e-01    0.0000000000e+00    0.0000000000e+00    4.3072317940e+04    
8.5682559013e-01    -3.9199548773e-03   0.0000000000e+00    2.9652347652e-01    1.3491770247e-03    3.9477575764e-01    0.0000000000e+00    0.0000000000e+00    4.3011765244e+04    
8.5025858879e-01    -4.5261578634e-03   0.0000000000e+00    2.9239293516e-01    1.3567837688e-03    3.9564682500e-01    0.0000000000e+00    0.0000000000e+00    4.2952092559e+04    
8.4348201752e-01    -5.1743248478e-03   0.0000000000e+00    2.8802106990e-01    1.3625353102e-03    3.9633568954e-01    0.0000000000e+00    0.0000000000e+00    4.2888933540e+04    
8.3649361134e-01    -5.8677662164e-03   0.0000000000e+00    2.8322136141e-01    1.3678871189e-03    3.9691465923e-01    0.0000000000e+00    0.0000000000e+00    4.2819593600e+04    
8.2929158211e-01    -6.6118650138e-03   0.0000000000e+00    2.7757878933e-01    1.3762974498e-03    3.9772900053e-01    0.0000000000e+00    0.0000000000e+00    4.2738077063e+04    
8.2187402248e-01    -7.4077798054e-03   0.0000000000e+00    2.7158115915e-01    1.3897667817e-03    3.9913321602e-01    0.0000000000e+00    0.0000000000e+00    4.2651431108e+04    
8.1423842907e-01    -8.2485210150e-03   0.0000000000e+00    2.6546681839e-01    1.4041675576e-03    4.0075294185e-01    0.0000000000e+00    0.0000000000e+00    4.2563099071e+04    
8.0638402700e-01    -9.1381138191e-03   0.0000000000e+00    2.5891727002e-01    1.4186573104e-03    4.0237204598e-01    0.0000000000e+00    0.0000000000e+00    4.2468479722e+04    
7.9830992222e-01    -1.0075979866e-02   0.0000000000e+00    2.5226733355e-01    1.4339902772e-03    4.0408526203e-01    0.0000000000e+00    0.0000000000e+00    4.2372410095e+04    
7.9001551867e-01    -1.1060879566e-02   0.0000000000e+00    2.4553694185e-01    1.4476509105e-03    4.0567135801e-01    0.0000000000e+00    0.0000000000e+00    4.2275178156e+04    
7.8150111437e-01    -1.2097720057e-02   0.0000000000e+00    2.3827471204e-01    1.4595456805e-03    4.0702397673e-01    0.0000000000e+00    0.0000000000e+00    4.2170262913e+04    
7.7276867628e-01    -1.3193090446e-02   0.0000000000e+00    2.2980657871e-01    1.4746687802e-03    4.0855992494e-01    0.0000000000e+00    0.0000000000e+00    4.2047926345e+04    
7.6381909847e-01    -1.4350139536e-02   0.0000000000e+00    2.2053156030e-01    1.4974000120e-03    4.1087550462e-01    0.0000000000e+00    0.0000000000e+00    4.1913932951e+04    
7.5465291739e-01    -1.5557359904e-02   0.0000000000e+00    2.1097297580e-01    1.5240126621e-03    4.1373928013e-01    0.0000000000e+00    0.0000000000e+00    4.1775842964e+04    
7.4527221918e-01    -1.6815239564e-02   0.0000000000e+00    2.0089544644e-01    1.5510036217e-03    4.1668450023e-01    0.0000000000e+00    0.0000000000e+00    4.1630255937e+04    
7.3567962646e-01    -1.8122799695e-02   0.0000000000e+00    1.9025763343e-01    1.5792242570e-03    4.1969997822e-01    0.0000000000e+00    0.0000000000e+00    4.1476574661e+04    
7.2587847710e-01    -1.9480280578e-02   0.0000000000e+00    1.7886192484e-01    1.6103211100e-03    4.2292958554e-01    0.0000000000e+00    0.0000000000e+00    4.1311944296e+04    
7.1587252617e-01    -2.0884910598e-02   0.0000000000e+00    1.6708743738e-01    1.6446551811e-03    4.2647210387e-01    0.0000000000e+00    0.0000000000e+00    4.1141841827e+04    
7.0566517115e-01    -2.2329900414e-02   0.0000000000e+00    1.5500694710e-01    1.6796204932e-03    4.3008834830e-01    0.0000000000e+00    0.0000000000e+00    4.0967318627e+04    
6.9526201487e-01    -2.3816650733e-02   0.0000000000e+00    1.4238105740e-01    1.7146138424e-03    4.3363556657e-01    0.0000000000e+00    0.0000000000e+00    4.0784916207e+04    
6.8466848135e-01    -2.5342950597e-02   0.0000000000e+00    1.2891628004e-01    1.7518860498e-03    4.3726189771e-01    0.0000000000e+00    0.0000000000e+00    4.0590394630e+04    
6.7389112711e-01    -2.6908300817e-02   0.0000000000e+00    1.1488162758e-01    1.7932549501e-03    4.4119862700e-01    0.0000000000e+00    0.0000000000e+00    4.0387640239e+04    
6.6293537617e-01    -2.8501370922e-02   0.0000000000e+00    1.0096384282e-01    1.8344672742e-03    4.4528874890e-01    0.0000000000e+00    0.0000000000e+00    4.0186574200e+04    
6.5180897713e-01    -3.0121000484e-02   0.0000000000e+00    8.6376498642e-02    1.8673752351e-03    4.4862979886e-01    0.0000000000e+00    0.0000000000e+00    3.9975835238e+04    
6.4052349329e-01    -3.1788550317e-02   0.0000000000e+00    6.4914301208e-02    1.9165904329e-03    4.5253457063e-01    0.0000000000e+00    0.0000000000e+00    3.9665777345e+04    
6.2908911705e-01    -3.3515330404e-02   0.0000000000e+00    4.0149591826e-02    2.0174127577e-03    4.6066147355e-01    0.0000000000e+00    0.0000000000e+00    3.9308009058e+04    
6.1750072241e-01    -3.5192150623e-02   0.0000000000e+00    2.5998054184e-02    2.1123835112e-03    4.6973279886e-01    0.0000000000e+00    0.0000000000e+00    3.9103566062e+04    
6.0576337576e-01    -3.6791201681e-02   0.0000000000e+00    1.7253986193e-02    2.1411742131e-03    4.7372518797e-01    0.0000000000e+00    0.0000000000e+00    3.8977243149e+04    
5.9390312433e-01    -3.8414020091e-02   0.0000000000e+00    1.3209788179e-03    2.1541075645e-03    4.7472147636e-01    0.0000000000e+00    0.0000000000e+00    3.8747063798e+04    
5.8193409443e-01    -4.0086571127e-02   0.0000000000e+00    -1.9151101424e-02   2.2083085422e-03    4.7815146230e-01    0.0000000000e+00    0.0000000000e+00    3.8451309829e+04    
5.6985998154e-01    -4.1745901108e-02   0.0000000000e+00    -4.0053488427e-02   2.2907492609e-03    4.8445409483e-01    0.0000000000e+00    0.0000000000e+00    3.8149339348e+04    
5.5769121647e-01    -4.3381989002e-02   0.0000000000e+00    -6.1307495295e-02   2.3751119283e-03    4.9117628477e-01    0.0000000000e+00    0.0000000000e+00    3.7842289122e+04    
5.4543852806e-01    -4.4979691505e-02   0.0000000000e+00    -8.2198459745e-02   2.4577611697e-03    4.9765546205e-01    0.0000000000e+00    0.0000000000e+00    3.7540483659e+04    
5.3311371803e-01    -4.6535149217e-02   0.0000000000e+00    -1.0269984455e-01   2.5358591158e-03    5.0365181666e-01    0.0000000000e+00    0.0000000000e+00    3.7244306337e+04    
5.2073049545e-01    -4.8043008894e-02   0.0000000000e+00    -1.2506067589e-01   2.6182764133e-03    5.0955226736e-01    0.0000000000e+00    0.0000000000e+00    3.6921266151e+04    
5.0830227137e-01    -4.9507409334e-02   0.0000000000e+00    -1.4821246014e-01   2.7164369906e-03    5.1635130652e-01    0.0000000000e+00    0.0000000000e+00    3.6586799306e+04    
4.9583891034e-01    -5.0891399384e-02   0.0000000000e+00    -1.6988955764e-01   2.8208173313e-03    5.2375198398e-01    0.0000000000e+00    0.0000000000e+00    3.6273636817e+04    
4.8335349560e-01    -5.2195020020e-02   0.0000000000e+00    -1.9003941105e-01   2.9175331385e-03    5.3064106273e-01    0.0000000000e+00    0.0000000000e+00    3.5982537962e+04    
4.7086060047e-01    -5.3407199681e-02   0.0000000000e+00    -2.1108082613e-01   3.0155016868e-03    5.3721750606e-01    0.0000000000e+00    0.0000000000e+00    3.5678558985e+04    
4.5837390423e-01    -5.4537829012e-02   0.0000000000e+00    -2.3077046203e-01   3.1236395535e-03    5.4434075131e-01    0.0000000000e+00    0.0000000000e+00    3.5394108754e+04    
4.4590610266e-01    -5.5547021329e-02   0.0000000000e+00    -2.4724466496e-01   3.2291327257e-03    5.5144300857e-01    0.0000000000e+00    0.0000000000e+00    3.5156110913e+04    
4.3346989155e-01    -5.6449878961e-02   0.0000000000e+00    -2.6277518944e-01   3.3255181354e-03    5.5799859173e-01    0.0000000000e+00    0.0000000000e+00    3.4931746110e+04    
4.2108088732e-01    -5.7222671807e-02   0.0000000000e+00    -2.7846551880e-01   3.4257704906e-03    5.6472789815e-01    0.0000000000e+00    0.0000000000e+00    3.4705072654e+04    
4.0875199437e-01    -5.7891629636e-02   0.0000000000e+00    -2.8716737943e-01   3.5195694366e-03    5.7126823201e-01    0.0000000000e+00    0.0000000000e+00    3.4579359498e+04    
3.9649680257e-01    -5.8402799070e-02   0.0000000000e+00    -2.9342424911e-01   3.5997750314e-03    5.7683690902e-01    0.0000000000e+00    0.0000000000e+00    3.4488968389e+04    
3.8432928920e-01    -5.8805190027e-02   0.0000000000e+00    -2.9190979952e-01   3.6753911698e-03    5.8287890836e-01    0.0000000000e+00    0.0000000000e+00    3.4510847186e+04    
3.7226250768e-01    -5.9030041099e-02   0.0000000000e+00    -2.8432218531e-01   3.7236589015e-03    5.8787860908e-01    0.0000000000e+00    0.0000000000e+00    3.4620463160e+04    
3.6030921340e-01    -5.9170719236e-02   0.0000000000e+00    -2.7788399011e-01   3.7384521397e-03    5.8986770513e-01    0.0000000000e+00    0.0000000000e+00    3.4713473824e+04    
3.4848260880e-01    -5.9170689434e-02   0.0000000000e+00    -2.6187510220e-01   3.7470221316e-03    5.9259079517e-01    0.0000000000e+00    0.0000000000e+00    3.4944749399e+04    
3.3679309487e-01    -5.9063158929e-02   0.0000000000e+00    -2.5068034404e-01   3.7593987569e-03    5.9537211044e-01    0.0000000000e+00    0.0000000000e+00    3.5106476694e+04    
3.2525330782e-01    -5.8892071247e-02   0.0000000000e+00    -2.3726233937e-01   3.7649045959e-03    5.9695095268e-01    0.0000000000e+00    0.0000000000e+00    3.5300322560e+04    
3.1387171149e-01    -5.8589451015e-02   0.0000000000e+00    -2.1944854919e-01   3.7535741963e-03    5.9839530634e-01    0.0000000000e+00    0.0000000000e+00    3.5557673014e+04    
3.0265828967e-01    -5.8225780725e-02   0.0000000000e+00    -2.0199966714e-01   3.7345096602e-03    5.9935589282e-01    0.0000000000e+00    0.0000000000e+00    3.5809751750e+04    
2.9162159562e-01    -5.7772640139e-02   0.0000000000e+00    -1.8303918070e-01   3.7066237379e-03    5.9950192125e-01    0.0000000000e+00    0.0000000000e+00    3.6083668179e+04    
2.8076928854e-01    -5.7271469384e-02   0.0000000000e+00    -1.6673078697e-01   3.6789221148e-03    5.9927090688e-01    0.0000000000e+00    0.0000000000e+00    3.6319270624e+04    
2.7010789514e-01    -5.6710980833e-02   0.0000000000e+00    -1.5089673564e-01   3.6669733653e-03    5.9983267735e-01    0.0000000000e+00    0.0000000000e+00    3.6548020388e+04    
2.5964578986e-01    -5.6099370122e-02   0.0000000000e+00    -1.3345262598e-01   3.6536471065e-03    6.0062070688e-01    0.0000000000e+00    0.0000000000e+00    3.6800030179e+04    
2.4938739836e-01    -5.5427450687e-02   0.0000000000e+00    -1.1489478517e-01   3.6256277533e-03    6.0060912063e-01    0.0000000000e+00    0.0000000000e+00    3.7068129708e+04    
2.3933799565e-01    -5.4721269757e-02   0.0000000000e+00    -1.0651562436e-01   3.6074279950e-03    6.0024961302e-01    0.0000000000e+00    0.0000000000e+00    3.7189180917e+04    
7.9246497154e-01    3.5905450583e-02    0.0000000000e+00    -1.9733162359e-01   9.7032874459e-04    3.0558745721e-01    0.0000000000e+00    0.0000000000e+00    3.5877189567e+04    
8.0074077845e-01    3.4724928439e-02    0.0000000000e+00    -1.9089086025e-01   9.6015020994e-04    3.0438341553e-01    0.0000000000e+00    0.0000000000e+00    3.5970237333e+04    
8.0879157782e-01    3.3554349095e-02    0.0000000000e+00    -1.7819807579e-01   9.3911346573e-04    3.0182187099e-01    0.0000000000e+00    0.0000000000e+00    3.6153606161e+04    
8.1661748886e-01    3.2396879047e-02    0.0000000000e+00    -1.6568043531e-01   9.1604320729e-04    2.9885836187e-01    0.0000000000e+00    0.0000000000e+00    3.6334444738e+04    
8.2422012091e-01    3.1252481043e-02    0.0000000000e+00    -1.5336726874e-01   8.9069762603e-04    2.9550041936e-01    0.0000000000e+00    0.0000000000e+00    3.6512329341e+04    
8.3160030842e-01    3.0124029145e-02    0.0000000000e+00    -1.4116694507e-01   8.6530226318e-04    2.9208484913e-01    0.0000000000e+00    0.0000000000e+00    3.6688583738e+04    
8.3876138926e-01    2.9018869624e-02    0.0000000000e+00    -1.2936824416e-01   8.4211564165e-04    2.8884765226e-01    0.0000000000e+00    0.0000000000e+00    3.6859036011e+04    
8.4570598602e-01    2.7937009931e-02    0.0000000000e+00    -1.1813070577e-01   8.1954660319e-04    2.8553612826e-01    0.0000000000e+00    0.0000000000e+00    3.7021381339e+04    
8.5243541002e-01    2.6876850054e-02    0.0000000000e+00    -1.0726252225e-01   7.9585388752e-04    2.8194806655e-01    0.0000000000e+00    0.0000000000e+00    3.7178390708e+04    
8.5895270109e-01    2.5837600231e-02    0.0000000000e+00    -9.6655404089e-02   7.7122800191e-04    2.7813300426e-01    0.0000000000e+00    0.0000000000e+00    3.7331628545e+04    
8.6526101828e-01    2.4820089340e-02    0.0000000000e+00    -8.6302719180e-02   7.4643183397e-04    2.7419036788e-01    0.0000000000e+00    0.0000000000e+00    3.7481190661e+04    
8.7136429548e-01    2.3825220764e-02    0.0000000000e+00    -7.6256758979e-02   7.2170639726e-04    2.7014042365e-01    0.0000000000e+00    0.0000000000e+00    3.7626321618e+04    
8.7726497650e-01    2.2853029892e-02    0.0000000000e+00    -6.6516629292e-02   6.9685553234e-04    2.6596132690e-01    0.0000000000e+00    0.0000000000e+00    3.7767034334e+04    
8.8296812773e-01    2.1903870627e-02    0.0000000000e+00    -5.7051048045e-02   6.7223071134e-04    2.6171359143e-01    0.0000000000e+00    0.0000000000e+00    3.7903780731e+04    
8.8847637177e-01    2.0978840068e-02    0.0000000000e+00    -4.7902187736e-02   6.4810993477e-04    2.5743073767e-01    0.0000000000e+00    0.0000000000e+00    3.8035951557e+04    
8.9379507303e-01    2.0077509806e-02    0.0000000000e+00    -3.9066123113e-02   6.2421876028e-04    2.5306807545e-01    0.0000000000e+00    0.0000000000e+00    3.8163603517e+04    
8.9892762899e-01    1.9199930131e-02    0.0000000000e+00    -3.0515987856e-02   6.0056873274e-04    2.4862949803e-01    0.0000000000e+00    0.0000000000e+00    3.8287124743e+04    
9.0387892723e-01    1.8346000463e-02    0.0000000000e+00    -2.2266744009e-02   5.7707049940e-04    2.4410145062e-01    0.0000000000e+00    0.0000000000e+00    3.8406299080e+04    
9.0865278244e-01    1.7515119165e-02    0.0000000000e+00    -1.4283337585e-02   5.5377146509e-04    2.3951560008e-01    0.0000000000e+00    0.0000000000e+00    3.8521632945e+04    
9.1325378418e-01    1.6708189622e-02    0.0000000000e+00    -6.5607293745e-03   5.3145660768e-04    2.3502656455e-01    0.0000000000e+00    0.0000000000e+00    3.8633199137e+04    
9.1768682003e-01    1.5926089138e-02    0.0000000000e+00    8.5662048558e-04    5.1079280138e-04    2.3073311197e-01    0.0000000000e+00    0.0000000000e+00    3.8740355353e+04    
9.2195612192e-01    1.5169089660e-02    0.0000000000e+00    7.9198766857e-03    4.9112453826e-04    2.2647318756e-01    0.0000000000e+00    0.0000000000e+00    3.8842396085e+04    
9.2606657743e-01    1.4434189536e-02    0.0000000000e+00    1.4674085295e-02    4.7075749103e-04    2.2191007551e-01    0.0000000000e+00    0.0000000000e+00    3.8939972099e+04    
9.3002158403e-01    1.3718860224e-02    0.0000000000e+00    2.1220869255e-02    4.4858097438e-04    2.1686042485e-01    0.0000000000e+00    0.0000000000e+00    3.9034551513e+04    
9.3382489681e-01    1.3021520339e-02    0.0000000000e+00    2.7662629291e-02    4.2554382567e-04    2.1157049540e-01    0.0000000000e+00    0.0000000000e+00    3.9127613677e+04    
9.3748331070e-01    1.2344920076e-02    0.0000000000e+00    3.3975537495e-02    4.0434234516e-04    2.0661049056e-01    0.0000000000e+00    0.0000000000e+00    3.9218814358e+04    
9.4100052118e-01    1.1692480184e-02    0.0000000000e+00    3.9987402403e-02    3.8639813795e-04    2.0225149462e-01    0.0000000000e+00    0.0000000000e+00    3.9305665957e+04    
9.4438147545e-01    1.1064729653e-02    0.0000000000e+00    4.5614567375e-02    3.7050096317e-04    1.9821863438e-01    0.0000000000e+00    0.0000000000e+00    3.9386959912e+04    
9.4763058424e-01    1.0459340177e-02    0.0000000000e+00    5.0915776579e-02    3.5501819298e-04    1.9416896464e-01    0.0000000000e+00    0.0000000000e+00    3.9463544882e+04    
9.5075178146e-01    9.8747974262e-03    0.0000000000e+00    5.5964172150e-02    3.3945707569e-04    1.9000579965e-01    0.0000000000e+00    0.0000000000e+00    3.9536477530e+04    
9.5374852419e-01    9.3097826466e-03    0.0000000000e+00    6.0786014515e-02    3.2378461105e-04    1.8573739074e-01    0.0000000000e+00    0.0000000000e+00    3.9606137233e+04    
9.5662558079e-01    8.7635330856e-03    0.0000000000e+00    6.5432068625e-02    3.0858510182e-04    1.8153787897e-01    0.0000000000e+00    0.0000000000e+00    3.9673257375e+04    
9.5938742161e-01    8.2371104509e-03    0.0000000000e+00    6.9885475425e-02    2.9500047735e-04    1.7771548420e-01    0.0000000000e+00    0.0000000000e+00    3.9737594400e+04    
9.6203821898e-01    7.7312579378e-03    0.0000000000e+00    7.4108779901e-02    2.8371057858e-04    1.7445048476e-01    0.0000000000e+00    0.0000000000e+00    3.9798607206e+04    
9.6458131075e-01    7.2465990670e-03    0.0000000000e+00    7.8061293448e-02    2.7440455581e-04    1.7164602018e-01    0.0000000000e+00    0.0000000000e+00    3.9855707977e+04    
9.6702152491e-01    6.7809610628e-03    0.0000000000e+00    8.1744531468e-02    2.6570843397e-04    1.6892669056e-01    0.0000000000e+00    0.0000000000e+00    3.9908918606e+04    
9.6936148405e-01    6.3320691697e-03    0.0000000000e+00    8.5220102819e-02    2.5648377476e-04    1.6599486038e-01    0.0000000000e+00    0.0000000000e+00    3.9959129137e+04    
9.7160422802e-01    5.8980020694e-03    0.0000000000e+00    8.8534350443e-02    2.4646312621e-04    1.6280641096e-01    0.0000000000e+00    0.0000000000e+00    4.0007009073e+04    
9.7375380993e-01    5.4777772166e-03    0.0000000000e+00    9.1739930753e-02    2.3657095744e-04    1.5966972104e-01    0.0000000000e+00    0.0000000000e+00    4.0053319124e+04    
9.7581422329e-01    5.0727128983e-03    0.0000000000e+00    9.4817624970e-02    2.2850634168e-04    1.5711050631e-01    0.0000000000e+00    0.0000000000e+00    4.0097781645e+04    
9.7778862715e-01    4.6840119176e-03    0.0000000000e+00    9.7706512834e-02    2.2322141280e-04    1.5542452235e-01    0.0000000000e+00    0.0000000000e+00    4.0139516536e+04    
9.7968047857e-01    4.3123192154e-03    0.0000000000e+00    1.0035958503e-01    2.2060042280e-04    1.5456733227e-01    0.0000000000e+00    0.0000000000e+00    4.0177844670e+04    
9.8149371147e-01    3.9564608596e-03    0.0000000000e+00    1.0274468263e-01    2.1978590592e-04    1.5427374540e-01    0.0000000000e+00    0.0000000000e+00    4.0212301456e+04    
9.8322969675e-01    3.6147569772e-03    0.0000000000e+00    1.0488471335e-01    2.2057981214e-04    1.5453930342e-01    0.0000000000e+00    0.0000000000e+00    4.0243217834e+04    
9.8489248753e-01    3.2853609882e-03    0.0000000000e+00    1.0681240639e-01    2.2515007161e-04    1.5615442533e-01    0.0000000000e+00    0.0000000000e+00    4.0271066634e+04    
9.8648428917e-01    2.9676209670e-03    0.0000000000e+00    1.0854658744e-01    2.3825719792e-04    1.6066911479e-01    0.0000000000e+00    0.0000000000e+00    4.0296119824e+04    
9.8800820112e-01    2.6616039686e-03    0.0000000000e+00    1.1005098719e-01    2.6467361978e-04    1.6933738488e-01    0.0000000000e+00    0.0000000000e+00    4.0317853434e+04    
9.8946630955e-01    2.3672280367e-03    0.0000000000e+00    1.1170001103e-01    3.0802301428e-04    1.8262982095e-01    0.0000000000e+00    0.0000000000e+00    4.0341676384e+04    
9.9086219072e-01    2.0840968937e-03    0.0000000000e+00    1.1336044565e-01    3.5984564279e-04    1.9743044989e-01    0.0000000000e+00    0.0000000000e+00    4.0365664182e+04    
9.9219781160e-01    1.8120800378e-03    0.0000000000e+00    1.1413073037e-01    4.1703420655e-04    2.1242545383e-01    0.0000000000e+00    0.0000000000e+00    4.0376792253e+04    
9.9347597361e-01    1.5501220478e-03    0.0000000000e+00    1.1440333668e-01    4.9085235385e-04    2.3025469795e-01    0.0000000000e+00    0.0000000000e+00    4.0380730514e+04    
9.9469852448e-01    1.2974679703e-03    0.0000000000e+00    1.1540329381e-01    5.9292434528e-04    2.5275901255e-01    0.0000000000e+00    0.0000000000e+00    4.0395176593e+04    
9.9586790800e-01    1.0536089540e-03    0.0000000000e+00    1.1639967640e-01    7.4379988191e-04    2.8308358967e-01    0.0000000000e+00    0.0000000000e+00    4.0409571032e+04    
9.9698638916e-01    8.1812351709e-04    0.0000000000e+00    1.1851537347e-01    1.0094539499e-03    3.2924741751e-01    0.0000000000e+00    0.0000000000e+00    4.0440135869e+04    
9.9806058407e-01    5.9868721291e-04    0.0000000000e+00    1.2370412874e-01    1.7224403394e-03    4.0535424307e-01    0.0000000000e+00    0.0000000000e+00    4.0515096252e+04    
1  2  1  1  
3  1  3  3  
2  4  2  2  
4  5  4  4  
5  6  5  5  
6  7  6  6  
7  8  7  7  
8  9  8  8  
9  10  9  9  
10  11  10  10  
11  12  11  11  
12  13  12  12  
13  14  13  13  
14  15  14  14  
15  16  15  15  
16  17  16  16  
17  18  17  17  
18  19  18  18  
19  20  19  19  
20  21  20  20  
21  22  21  21  
22  23  22  22  
23  24  23  23  
24  25  24  24  
25  26  25  25  
26  27  26  26  
27  28  27  27  
28  29  28  28  
29  30  29  29  
30  31  30  30  
31  32  31  31  
32  33  32  32  
33  34  33  33  
34  35  34  34  
35  36  35  35  
36  37  36  36  
37  38  37  37  
38  39  38  38  
39  40  39  39  
40  41  40  40  
41  42  41  41  
42  43  42  42  
43  44  43  43  
44  45  44  44  
45  46  45  45  
46  47  46  46  
47  48  47  47  
48  49  48  48  
49  50  49  49  
50  51  50  50  
51  52  51  51  
52  53  52  52  
53  54  53  53  
54  55  54  54  
55  56  55  55  
56  57  56  56  
57  58  57  57  
58  59  58  58  
59  60  59  59  
60  61  60  60  
61  62  61  61  
62  63  62  62  
63  64  63  63  
64  65  64  64  
65  66  65  65  
66  67  66  66  
67  68  67  67  
68  69  68  68  
69  70  69  69  
70  71  70  70  
71  72  71  71  
72  73  72  72  
73  74  73  73  
74  75  74  74  
75  76  75  75  
76  77  76  76  
77  78  77  77  
78  79  78  78  
79  80  79  79  
80  81  80  80  
81  82  81  81  
82  83  82  82  
83  84  83  83  
84  85  84  84  
85  86  85  85  
86  87  86  86  
87  88  87  87  
88  89  88  88  
89  90  89  89  
90  91  90  90  
91  92  91  91  
92  93  92  92  
93  94  93  93  
94  95  94  94  
95  96  95  95  
96  97  96  96  
97  98  97  97  
98  99  98  98  
99  100  99  99  
100  101  100  100  
101  102  101  101  
102  103  102  102  
103  104  103  103  
104  105  104  104  
105  106  105  105  
106  107  106  106  
108  109  108  108  
109  110  109  109  
110  111  110  110  
111  112  111  111  
112  113  112  112  
113  114  113  113  
114  115  114  114  
115  116  115  115  
116  117  116  116  
117  118  117  117  
118  119  118  118  
119  120  119  119  
120  121  120  120  
121  122  121  121  
122  123  122  122  
123  124  123  123  
124  125  124  124  
125  126  125  125  
126  127  126  126  
127  128  127  127  
128  129  128  128  
129  130  129  129  
130  131  130  130  
131  132  131  131  
132  133  132  132  
133  134  133  133  
134  135  134  134  
135  136  135  135  
136  137  136  136  
137  138  137  137  
138  139  138  138  
139  140  139  139  
140  141  140  140  
141  142  141  141  
142  143  142  142  
143  144  143  143  
144  145  144  144  
145  146  145  145  
146  147  146  146  
147  148  147  147  
148  149  148  148  
149  150  149  149  
150  151  150  150  
151  152  151  151  
152  153  152  152  
153  154  153  153  
154  155  154  154  
155  156  155  155  
156  157  156  156  
157  158  157  157  
158  159  158  158  
159  160  159  159  
160  161  160  160  
161  162  161  161  
162  3  162  162  
